0.0796739421
0 0 0 0 0 0 0 0 0 0 0 0 0 0 0 0 0 0 0 0 0 0 0 0 0 0 0 0 0 0 0 0 0 0 0 0 0 0 0 0 0 0 0 0 0 0 0 0 0 0 0 0 0 0 0 0 0 0 0 0 0 0 0 0 0 0 0 0 0 0 0 0 0 0 0 0 0 0 0 0 0 0 0 0 0 0 0 0 0 0 0 0 0 0 0 0 0 0 0 0 0 0 0 0 0 0 0 0 0 0 0 0 0 0 0 0 0 0 0 0 0
0 0 0 0 0 0 0 0 0 0 0 0 0 0 0 0 0 0 0 0 0 0 0 0 0 0 0 0 0 0 0 0 0 0 0 0 0 0 0 0 0 0 0 0 0 0 0 0 0 0 0 0 0 0 0 0 0 0 0 0 0 0 0 0 0 0 0 0 0 0 0 0 0 0 0 0 0 0 0 0 0 0 0 0 0 0 0 0 0 0 0 0 0 0 0 0 0 0 0 0 0 0 0 0 0 0 0 0 0 0 0 0 0 0 0 0 0 0 0 0 0
0 0 0 0 0 0 0 0 0 0 0 0 0 0 0 0 0 0 0 0 0 0 0 0 0 0 0 0 0 0 0 0 0 0 0 0 0 0 0 0 0 0 0 0 0 0 0 0 0 0 0 0 0 0 0 0 0 0 0 0 0 0 0 0 0 0 0 0 0 0 0 0 0 0 0 0 0 0 0 0 0 0 0 0 0 0 0 0 0 0 0 0 0 0 0 0 0 0 0 0 0 0 0 0 0 0 0 0 0 0 0 0 0 0 0 0 0 0 0 0 0
0 0 0 0 0 0 0 0 0 0 0 0 0 0 0 0 0 0 0 0 0 0 0 0 0 0 0 0 0 0 0 0 0 0 0 0 0 0 0 0 0 0 0 0 0 0 0 0 0 0 0 0 0 0 0 0 0 0 0 0 0 0 0 0 0 0 0 0 0 0 0 0 0 0 0 0 0 0 0 0 0 0 0 0 0 0 0 0 0 0 0 0 0 0 0 0 0 0 0 0 0 0 0 0 0 0 0 0 0 0 0 0 0 0 0 0 0 0 0 0 0
0 0 0 0 0 0 0 0 0 0 0 0 0 0 0 0 0 0 0 0 0 0 0 0 0 0 0 0 0 0 0 0 0 0 0 0 0 0 0 0 0 0 0 0 0 0 0 0 0 0 0 0 0 0 0 0 0 0 0 0 0 0 0 0 0 0 0 0 0 0 0 0 0 0 0 0 0 0 0 0 0 0 0 0 0 0 0 0 0 0 0 0 0 0 0 0 0 0 0 0 0 0 0 0 0 0 0 0 0 0 0 0 0 0 0 0 0 0 0 0 0
0 0 0 0 0 0 0 0 0 0 0 0 0 0 0 0 0 0 0 0 0 0 0 0 0 0 0 0 0 0 0 0 0 0 0 0 0 0 0 0 0 0 0 0 0 0 0 0 0 0 0 0 0 0 0 0 0 0 0 0 0 0 0 0 0 0 0 0 0 0 0 0 0 0 0 0 0 0 0 0 0 0 0 0 0 0 0 0 0 0 0 0 0 0 0 0 0 0 0 0 0 0 0 0 0 0 0 0 0 0 0 0 0 0 0 0 0 0 0 0 0
0 0 0 0 0 0 0 0 0 0 0 0 0 0 0 0 0 0 0 0 0 0 0 0 0 0 0 0 0 0 0 0 0 0 0 0 0 0 0 0 0 0 0 0 0 0 0 0 0 0 0 0 0 0 0 0 0 0 0 0 0 0 0 0 0 0 0 0 0 0 0 0 0 0 0 0 0 0 0 0 0 0 0 0 0 0 0 0 0 0 0 0 0 0 0 0 0 0 0 0 0 0 0 0 0 0 0 0 0 0 0 0 0 0 0 0 0 0 0 0 0
0 0 0 0 0 0 0 0 0 0 0 0 0 0 0 0 0 0 0 0 0 0 0 0 0 0 0 0 0 0 0 0 0 0 0 0 0 0 0 0 0 0 0 0 0 0 0 0 0 0 0 0 0 0 0 0 0 0 0 0 0 0 0 0 0 0 0 0 0 0 0 0 0 0 0 0 0 0 0 0 0 0 0 0 0 0 0 0 0 0 0 0 0 0 0 0 0 0 0 0 0 0 0 0 0 0 0 0 0 0 0 0 0 0 0 0 0 0 0 0 0
0 0 0 0 0 0 0 0 0 0 0 0 0 0 0 0 0 0 0 0 0 0 0 0 0 0 0 0 0 0 0 0 0 0 0 0 0 0 0 0 0 0 0 0 0 0 0 0 0 0 0 0 0 0 0 0 0 0 0 0 0 0 0 0 0 0 0 0 0 0 0 0 0 0 0 0 0 0 0 0 0 0 0 0 0 0 0 0 0 0 0 0 0 0 0 0 0 0 0 0 0 0 0 0 0 0 0 0 0 0 0 0 0 0 0 0 0 0 0 0 0
0 0 0 0 0 0 0 0 0 0 0 0 0 0 0 0 0 0 0 0 0 0 0 0 0 0 0 0 0 0 0 0 0 0 0 0 0 0 0 0 0 0 0 0 0 0 0 0 0 0 0 0 0 0 0 0 0 0 0 0 0 0 0 0 0 0 0 0 0 0 0 0 0 0 0 0 0 0 0 0 0 0 0 0 0 0 0 0 0 0 0 0 0 0 0 0 0 0 0 0 0 0 0 0 0 0 0 0 0 0 0 0 0 0 0 0 0 0 0 0 0
0 0 0 0 0 0 0 0 0 0 0 0 0 0 0 0 0 0 0 0 0 0 0 0 0 0 0 0 0 0 0 0 0 0 0 0 0 0 0 0 0 0 0 0 0 0 0 0 0 0 0 0 0 0 0 0 0 0 0 0 0 0 0 0 0 0 0 0 0 0 0 0 0 0 0 0 0 0 0 0 0 0 0 0 0 0 0 0 0 0 0 0 0 0 0 0 0 0 0 0 0 0 0 0 0 0 0 0 0 0 0 0 0 0 0 0 0 0 0 0 0
0 0 0 0 0 0 0 0 0 0 0 0 0 0 0 0 0 0 0 0 0 0 0 0 0 0 0 0 0 0 0 0 0 0 0 0 0 0 0 0 0 0 0 0 0 0 0 0 0 0 0 0 0 0 0 0 0 0 0 0 0 0 0 0 0 0 0 0 0 0 0 0 0 0 0 0 0 0 0 0 0 0 0 0 0 0 0 0 0 0 0 0 0 0 0 0 0 0 0 0 0 0 0 0 0 0 0 0 0 0 0 0 0 0 0 0 0 0 0 0 0
0 0 0 0 0 0 0 0 0 0 0 0 0 0 0 0 0 0 0 0 0 0 0 0 0 0 0 0 0 0 0 0 0 0 0 0 0 0 0 0 0 0 0 0 0 0 0 0 0 0 0 0 0 0 0 0 0 0 0 0 0 0 0 0 0 0 0 0 0 0 0 0 0 0 0 0 0 0 0 0 0 0 0 0 0 0 0 0 0 0 0 0 0 0 0 0 0 0 0 0 0 0 0 0 0 0 0 0 0 0 0 0 0 0 0 0 0 0 0 0 0
0 0 0 0 0 0 0 0 0 0 0 0 0 0 0 0 0 0 0 0 0 0 0 0 0 0 0 0 0 0 0 0 0 0 0 0 0 0 0 0 0 0 0 0 0 0 0 0 0 0 0 0 0 0 0 0 0 0 0 0 0 0 0 0 0 0 0 0 0 0 0 0 0 0 0 0 0 0 0 0 0 0 0 0 0 0 0 0 0 0 0 0 0 0 0 0 0 0 0 0 0 0 0 0 0 0 0 0 0 0 0 0 0 0 0 0 0 0 0 0 0
0 0 0 0 0 0 0 0 0 0 0 0 0 0 0 0 0 0 0 0 0 0 0 0 0 0 0 0 0 0 0 0 0 0 0 0 0 0 0 0 0 0 0 0 0 0 0 0 0 0 0 0 0 0 0 0 0 0 0 0 0 0 0 0 0 0 0 0 0 0 0 0 0 0 0 0 0 0 0 0 0 0 0 0 0 0 0 0 0 0 0 0 0 0 0 0 0 0 0 0 0 0 0 0 0 0 0 0 0 0 0 0 0 0 0 0 0 0 0 0 0
0 0 0 0 0 0 0 0 0 0 0 0 0 0 0 0 0 0 0 0 0 0 0 0 0 0 0 0 0 0 0 0 0 0 0 0 0 0 0 0 0 0 0 0 0 0 0 0 0 0 0 0 0 0 0 0.0002293750661 0.0003850344884 0.0005507697102 0.0006713500187 0.0006973460345 0.0006172402493 0.000465560078 0.0002992346146 0.0001638918327 0 0 0 0 0 0 0 0 0 0 0 0 0 0 0 0 0 0 0 0 0 0 0 0 0 0 0 0 0 0 0 0 0 0 0 0 0 0 0 0 0 0 0 0 0 0 0 0 0 0 0 0 0 0 0 0 0
0 0 0 0 0 0 0 0 0 0 0 0 0 0 0 0 0 0 0 0 0 0 0 0 0 0 0 0 0 0 0 0 0 0 0 0 0 0 0 0 0 0 0 0 0 0 0 0 0 0 0 0 0 0.0001751174639 0.0004048168232 0.0007974482811 0.001338622914 0.001914808624 0.00233405283 0.002424392228 0.002145921306 0.001618567705 0.001040310008 0.0005697827348 0.0002659333384 0.0001057650064 0 0 0 0 0 0 0 0 0 0 0 0 0 0 0 0 0 0 0 0 0 0 0 0 0 0 0 0 0 0 0 0 0 0 0 0 0 0 0 0 0 0 0 0 0 0 0 0 0 0 0 0 0 0 0
0 0 0 0 0 0 0 0 0 0 0 0 0 0 0 0 0 0 0 0 0 0 0 0 0 0 0 0 0 0 0 0 0 0 0 0 0 0 0 0 0 0 0 0 0 0 0 0 0 0 0 0 0.0001912400646 0.000518798934 0.001199300349 0.002362475519 0.003965780832 0.005672794718 0.006914808199 0.007182456537 0.006357409607 0.004795143671 0.003082000229 0.001688035107 0.0007878448531 0.000313338961 0.0001061931773 0 0 0 0 0 0 0 0 0 0 0 0 0 0 0 0 0 0 0 0 0 0 0 0 0 0 0 0 0 0 0 0 0 0 0 0 0 0 0 0 0 0 0 0 0 0 0 0 0 0 0 0 0 0
0 0 0 0 0 0 0 0 0 0 0 0 0 0 0 0 0 0 0 0 0 0 0 0 0 0 0 0 0 0 0 0 0 0 0 0 0 0 0 0 0 0 0 0 0 0 0 0 0 0 0 0.0001516553873 0.0004827923878 0.001309727574 0.00302768068 0.005964161387 0.01001176589 0.01432117661 0.01745669763 0.01813239308 0.0160495266 0.0121055219 0.007780619409 0.004261507447 0.001988943748 0.0007910358488 0.0002680884476 7.742470964e-05 0 0 0 0 0 0 0 0 0 0 0 0 0 0 0 0 0 0 0 0 0 0 0 0 0 0 0 0 0 0 0 0 0 0 0 0 0 0 0 0 0 0 0 0 0 0 0 0 0 0 0 0 0
0 0 0 0 0 0 0 0 0 0 0 0 0 0 0 0 0 0 0 0 0 0 0 0 0 0 0 0 0 0 0 0 0 0 0 0 0 0 0 0 0 0 0 0 0 0 0 0 0 0 8.732945658e-05 0.0003262486155 0.001038617622 0.002900554166 0.00659991754 0.01290725964 0.02153791834 0.03080852287 0.03755398925 0.03900755937 0.03452704666 0.02604208774 0.01673822036 0.009167562164 0.004278758005 0.00170171507 0.0005767450028 0.0001665825999 4.102474086e-05 0 0 0 0 0 0 0 0 0 0 0 0 0 0 0 0 0 0 0 0 0 0 0 0 0 0 0 0 0 0 0 0 0 0 0 0 0 0 0 0 0 0 0 0 0 0 0 0 0 0 0 0
0 0 0 0 0 0 0 0 0 0 0 0 0 0 0 0 0 0 0 0 0 0 0 0 0 0 0 0 0 0 0 0 0 0 0 0 0 0 0 0 0 0 0 0 0 0 0 0 0 3.651650486e-05 0.0002489550373 0.0007647337121 0.002157679553 0.005483946805 0.01227560212 0.02381901607 0.03970769345 0.05662217493 0.06892161847 0.07154486494 0.06329393816 0.04774044973 0.03068461262 0.01680612137 0.007843791006 0.003119649445 0.001057375306 0.000305557956 7.549662593e-05 1.623229106e-05 0 0 0 0 0 0 0 0 0 0 0 0 0 0 0 0 0 0 0 0 0 0 0 0 0 0 0 0 0 0 0 0 0 0 0 0 0 0 0 0 0 0 0 0 0 0 0 0 0 0 0
0 0 0 0 0 0 0 0 0 0 0 0 0 0 0 0 0 0 0 0 0 0 0 0 0 0 0 0 0 0 0 0 0 0 0 0 0 0 0 0 0 0 0 0 0 0 8.970705216e-06 2.255378199e-05 6.565001913e-05 0.0001818505542 0.0005201613073 0.001433193916 0.003768837527 0.009096860185 0.01975168558 0.03772814549 0.06242364322 0.0887058295 0.1078050631 0.1118276999 0.09892348329 0.07457677073 0.04793330229 0.02625322126 0.01225325447 0.004873664563 0.00165265312 0.0004789503775 0.0001204858437 2.856220239e-05 7.917486507e-06 0 0 0 0 0 0 0 0 0 0 0 0 0 0 0 0 0 0 0 0 0 0 0 0 0 0 0 0 0 0 0 0 0 0 0 0 0 0 0 0 0 0 0 0 0 0 0 0 0 0
0 0 0 0 0 0 0 0 0 0 0 0 0 0 0 0 0 0 0 0 0 0 0 0 0 0 0 0 0 0 0 0 0 0 0 0 0 0 0 0 0 0 1.347795964e-05 2.337022873e-05 3.472489723e-05 4.413241341e-05 4.911327841e-05 7.121842069e-05 0.0001438302672 0.000358679857 0.0009593243916 0.002485654887 0.006012256925 0.01349450834 0.02785848945 0.05166748207 0.08420721391 0.1188007118 0.1439014167 0.14904607 0.1317567532 0.09932055905 0.06382095381 0.03494850751 0.01631315808 0.006492145293 0.002208224206 0.0006514515528 0.0001798953024 5.722389575e-05 2.187361022e-05 0 0 0 0 0 0 0 0 0 0 0 0 0 0 0 0 0 0 0 0 0 0 0 0 0 0 0 0 0 0 0 0 0 0 0 0 0 0 0 0 0 0 0 0 0 0 0 0 0 0
0 0 0 0 0 0 0 0 0 0 0 0 0 0 0 0 0 0 0 0 0 0 0 0 0 0 0 0 0 0 0 0 0 0 0 0 0 0 0 0 2.368129564e-05 4.292814835e-05 7.815584489e-05 0.0001310543118 0.0001921254936 0.0002451588499 0.0002728048019 0.0002888138926 0.0003599050167 0.0006749536653 0.00161158316 0.00390333367 0.008800485134 0.01827639689 0.03513172211 0.06199422056 0.09817730411 0.1365004274 0.1641929875 0.1695183148 0.1496371622 0.1127262942 0.07241684843 0.03966049688 0.0185226878 0.007397489864 0.002563095228 0.0008280053345 0.0003035392599 0.0001338504686 5.806303059e-05 0 0 0 0 0 0 0 0 0 0 0 0 0 0 0 0 0 0 0 0 0 0 0 0 0 0 0 0 0 0 0 0 0 0 0 0 0 0 0 0 0 0 0 0 0 0 0 0 0 0
0 0 0 0 0 0 0 0 0 0 0 0 0 0 0 0 0 0 0 0 0 0 0 0 0 0 0 0 0 0 0 0 0 0 0 0 0 0 0 6.863559358e-05 0.0001176118725 0.0002189292273 0.000385197991 0.0006332844835 0.0009216605846 0.00116588252 0.001275808256 0.001266600819 0.001261760179 0.001588615381 0.002834687204 0.005918767195 0.01213433307 0.02310055414 0.04071198595 0.06668707102 0.1003798516 0.1356019414 0.1607516533 0.1648241832 0.1450332637 0.109112703 0.07007580909 0.03842148432 0.01804416586 0.007382696588 0.002831619733 0.00121574326 0.0006138443575 0.0003058534773 0.0001353591936 5.171427502e-05 0 0 0 0 0 0 0 0 0 0 0 0 0 0 0 0 0 0 0 0 0 0 0 0 0 0 0 0 0 0 0 0 0 0 0 0 0 0 0 0 0 0 0 0 0 0 0 0 0
0 0 0 0 0 0 0 0 0 0 0 0 0 0 0 0 0 0 0 0 0 0 0 0 0 0 0 0 0 0 0 0 0 0 0 0 0 8.341590775e-05 0.000213920524 0.0003505302818 0.0005579884389 0.0009304888185 0.001596628816 0.002586907617 0.003735163191 0.004693886446 0.005128406401 0.004981968271 0.004662051624 0.004928899799 0.006732457164 0.01098476013 0.01851641251 0.03009157575 0.04635383243 0.06764492165 0.09316302157 0.118831257 0.1364665702 0.1377181562 0.1203013893 0.09027890689 0.05808548532 0.03220873218 0.01578257124 0.007417717308 0.003842960893 0.002210068418 0.00124054948 0.0006283515971 0.0002727674765 0.0001035517123 0 0 0 0 0 0 0 0 0 0 0 0 0 0 0 0 0 0 0 0 0 0 0 0 0 0 0 0 0 0 0 0 0 0 0 0 0 0 0 0 0 0 0 0 0 0 0 0 0
0 0 0 0 0 0 0 0 0 0 0 0 0 0 0 0 0 0 0 0 0 0 0 0 0 0 0 0 0 0 0 0 0 0 0 0 0.0002127480252 0.0004948472605 0.0008649194665 0.001378462359 0.00212580555 0.003417600457 0.005695725283 0.009066863718 0.01294675672 0.01615247745 0.01752860452 0.01683073846 0.01524826989 0.01502480166 0.0183748483 0.02635520397 0.03815812829 0.05154344438 0.06451610007 0.07659487891 0.08824723823 0.09875117297 0.1045638509 0.1010268857 0.08654651019 0.06485656178 0.04278316212 0.02588451498 0.0156746793 0.01009633975 0.006596283685 0.004070003943 0.002290942823 0.001164011553 0.0005360379077 0.0002273861132 0 0 0 0 0 0 0 0 0 0 0 0 0 0 0 0 0 0 0 0 0 0 0 0 0 0 0 0 0 0 0 0 0 0 0 0 0 0 0 0 0 0 0 0 0 0 0 0 0
0 0 0 0 0 0 0 0 0 0 0 0 0 0 0 0 0 0 0 0 0 0 0 0 0 0 0 0 0 0 0 0 0 0 0 0.0003907002712 0.0009278961105 0.001786487822 0.00304465484 0.004715976919 0.007030216998 0.01087490432 0.01753901011 0.0273155762 0.03846789142 0.04755597813 0.0512143156 0.04863337008 0.04295463473 0.04016499828 0.04590199759 0.06227775738 0.08578143006 0.1081408076 0.1209598121 0.1210122431 0.1115756048 0.09855353505 0.08548203325 0.07235125194 0.05846589927 0.04511113087 0.03475790375 0.02781759965 0.02222209733 0.01661704316 0.0112993407 0.006992771515 0.003987219553 0.002126881693 0.001086279077 0.0005289261754 0.0002231119739 0 0 0 0 0 0 0 0 0 0 0 0 0 0 0 0 0 0 0 0 0 0 0 0 0 0 0 0 0 0 0 0 0 0 0 0 0 0 0 0 0 0 0 0 0 0 0 0
0 0 0 0 0 0 0 0 0 0 0 0 0 0 0 0 0 0 0 0 0 0 0 0 0 0 0 0 0 0 0 0 0 0 0.000531601756 0.001370495046 0.002967094751 0.005602161556 0.009328624784 0.01405511222 0.02024802569 0.03008218423 0.04676371726 0.07093755263 0.09817689966 0.1199614794 0.1280220577 0.1202453379 0.1038591935 0.09266615167 0.0995207756 0.1290577637 0.1735007552 0.2144259743 0.2326554301 0.2199477211 0.1832330202 0.1379694803 0.09731413709 0.0672250582 0.04920341334 0.04240751252 0.0413362981 0.03936289937 0.03394847327 0.02614637614 0.01822573068 0.01182290002 0.007362168573 0.004450740243 0.002557804056 0.001349279437 0.000632972832 0.0002681935633 0 0 0 0 0 0 0 0 0 0 0 0 0 0 0 0 0 0 0 0 0 0 0 0 0 0 0 0 0 0 0 0 0 0 0 0 0 0 0 0 0 0 0 0 0 0 0
0 0 0 0 0 0 0 0 0 0 0 0 0 0 0 0 0 0 0 0 0 0 0 0 0 0 0 0 0 0 0 0 0 0.0005459419534 0.001532854976 0.003850124996 0.008206963116 0.01522920066 0.02484211303 0.03648712427 0.05086251928 0.0725414576 0.108336117 0.1593264224 0.2157908144 0.2597614049 0.2741458844 0.2545571351 0.2154220552 0.1841418749 0.1859749605 0.2300363329 0.302413931 0.3697675823 0.3970776351 0.3687609416 0.2967869162 0.2099008272 0.1342655261 0.08270703055 0.05751106894 0.05297402729 0.05518746948 0.05441538297 0.04857067269 0.03964823159 0.03042433182 0.02239561035 0.0157756238 0.01041235117 0.006300353505 0.003430589778 0.001668866968 0.0007174273187 0.0002551317112 0 0 0 0 0 0 0 0 0 0 0 0 0 0 0 0 0 0 0 0 0 0 0 0 0 0 0 0 0 0 0 0 0 0 0 0 0 0 0 0 0 0 0 0 0 0
0 0 0 0 0 0 0 0 0 0 0 0 0 0 0 0 0 0 0 0 0 0 0 0 0 0 0 0 0 0 0 0 0 0.001381375604 0.003814873558 0.009352228053 0.0196229844 0.03583102303 0.05738732758 0.08239758634 0.1114362159 0.1527615938 0.2187604401 0.310610292 0.4097796155 0.4840454834 0.5038030212 0.4619269352 0.3835047943 0.3152288318 0.2996258833 0.352068935 0.4514224756 0.5465172438 0.58350565 0.5378692541 0.426864775 0.2939027029 0.1797808796 0.1051447034 0.07180805718 0.06670458602 0.07035133822 0.07251317134 0.07089074035 0.06587809375 0.05784545811 0.04717427938 0.03516392686 0.02374002661 0.01446498844 0.007943122064 0.003923787167 0.001763345179 0.0007203738375 0.0002902383337 0 0 0 0 0 0 0 0 0 0 0 0 0 0 0 0 0 0 0 0 0 0 0 0 0 0 0 0 0 0 0 0 0 0 0 0 0 0 0 0 0 0 0 0 0
0 0 0 0 0 0 0 0 0 0 0 0 0 0 0 0 0 0 0 0 0 0 0 0 0 0 0 0 0 0 0 0 0.0009787049978 0.003038874712 0.008308014221 0.01967911287 0.04058273577 0.07290659443 0.1148018891 0.1615498316 0.2126740399 0.2810121951 0.3858955313 0.5273886773 0.6747185483 0.7786530162 0.7965075525 0.7198201134 0.5867202673 0.4654294226 0.4170419816 0.4635442854 0.5772397601 0.6909984251 0.7342682785 0.6743192661 0.5322519034 0.3630274466 0.2190955594 0.1273664882 0.08848323666 0.08360266652 0.09247438878 0.1055879839 0.1170300293 0.120975436 0.1136745416 0.09585681373 0.07235496028 0.04904016787 0.03002210333 0.01670518902 0.008513302277 0.004013913896 0.001798354125 0.0007912783124 0.0003285056665 0 0 0 0 0 0 0 0 0 0 0 0 0 0 0 0 0 0 0 0 0 0 0 0 0 0 0 0 0 0 0 0 0 0 0 0 0 0 0 0 0 0 0 0
0 0 0 0 0 0 0 0 0 0 0 0 0 0 0 0 0 0 0 0 0 0 0 0 0 0 0 0 0 0 0 0 0.001920430581 0.005826733816 0.01552314308 0.0359652817 0.07272015243 0.1283489214 0.1987001017 0.2744777596 0.3528262438 0.4510517311 0.5951300078 0.7819431454 0.9667391767 1.085278524 1.086908369 0.965896323 0.773202094 0.5942136941 0.5034494408 0.5272687572 0.6341929489 0.7486744298 0.79161898 0.7259772324 0.5736945147 0.3937004405 0.2425235093 0.1488066273 0.1116860952 0.1128770817 0.1360846363 0.1696031742 0.1999485238 0.2139038204 0.2042803396 0.1734916642 0.1315175917 0.08976519955 0.05579517205 0.03195539294 0.01705512955 0.008593743424 0.004190145321 0.002033867735 0.001052200285 0.000534439166 0 0 0 0 0 0 0 0 0 0 0 0 0 0 0 0 0 0 0 0 0 0 0 0 0 0 0 0 0 0 0 0 0 0 0 0 0 0 0 0 0 0 0
0 0 0 0 0 0 0 0 0 0 0 0 0 0 0 0 0 0 0 0 0 0 0 0 0 0 0 0 0 0 0 0.0009595993826 0.003281524697 0.009742942508 0.02530650389 0.05724670396 0.1131975675 0.1958207136 0.2976501242 0.4036977278 0.5077802616 0.6304133666 0.8018857948 1.0138095 1.209115261 1.315929437 1.285583425 1.120762747 0.8815363359 0.6594417542 0.5311018556 0.5226622432 0.6031383089 0.6994246377 0.7357586975 0.6767036656 0.5419109954 0.3849357363 0.256314486 0.1798960763 0.1541851634 0.1680713981 0.210096925 0.2654068247 0.3140619115 0.3362517464 0.3214062711 0.2737812494 0.2091391768 0.1450551488 0.09281867711 0.05565097519 0.03162693855 0.01717786228 0.009082206759 0.004842459024 0.002659634513 0.001425139744 0.0007283054376 0 0 0 0 0 0 0 0 0 0 0 0 0 0 0 0 0 0 0 0 0 0 0 0 0 0 0 0 0 0 0 0 0 0 0 0 0 0 0 0 0 0
0 0 0 0 0 0 0 0 0 0 0 0 0 0 0 0 0 0 0 0 0 0 0 0 0 0 0 0 0 0 0 0.00144502009 0.004868312104 0.01418697162 0.03600626178 0.07951644293 0.1534948271 0.2596015646 0.3865467381 0.5141461715 0.6332696492 0.7657457417 0.9426014096 1.149688222 1.32323661 1.393950047 1.325301107 1.131911777 0.8764849923 0.6428441919 0.4968368237 0.4597318242 0.5054454201 0.5734409784 0.6020610176 0.5632226468 0.4723539862 0.3697105243 0.29020509 0.2473921072 0.2405429405 0.2656117912 0.316567433 0.3811114993 0.4377241202 0.4619612441 0.4397909545 0.3762697405 0.291519804 0.2078158592 0.1389920598 0.08854804036 0.05402109221 0.03154533791 0.0178416542 0.01015059367 0.005889259493 0.003330134919 0.00174723831 0.0007659449374 0 0 0 0 0 0 0 0 0 0 0 0 0 0 0 0 0 0 0 0 0 0 0 0 0 0 0 0 0 0 0 0 0 0 0 0 0 0 0 0 0
0 0 0 0 0 0 0 0 0 0 0 0 0 0 0 0 0 0 0 0 0 0 0 0 0 0 0 0 0 0 0 0.001875253487 0.006247281999 0.01793650898 0.04464004292 0.09642026255 0.181707939 0.2999982213 0.4366229067 0.5684892682 0.6853621901 0.8085731404 0.966418668 1.141012747 1.270381273 1.296847005 1.200643372 1.006632807 0.7721010363 0.5623711821 0.4243030088 0.3726729712 0.3899456005 0.4338096552 0.4625355089 0.45885669 0.433063844 0.4065930364 0.3925309346 0.3924355652 0.404732895 0.4287453035 0.4644836445 0.5087816479 0.5479856374 0.5594985097 0.526958098 0.4534829269 0.3590783251 0.2663841005 0.1887422412 0.1288137532 0.08415233409 0.05220918709 0.03121449087 0.0187270052 0.01142554491 0.00668058572 0.003594550683 0.003475167464 0.003738256339 0.003981251557 0.003719952414 0.003042568134 0.00218085037 0.001368308539 0.0007497400074 0.0003585184977 0 0 0 0 0 0 0 0 0 0 0 0 0 0 0 0 0 0 0 0 0 0 0 0 0 0 0 0 0 0 0 0 0
0 0 0 0 0 0 0 0 0 0 0 0 0 0 0 0 0 0 0 0 0 0 0 0 0 0 0 0 0 0 0 0.002090676977 0.00690947335 0.01961938894 0.04808529252 0.1019461864 0.1880139182 0.3033044425 0.4314091925 0.5496741748 0.6489441661 0.74817375 0.8702433514 0.9974125268 1.078154855 1.071515268 0.9721189107 0.8078223503 0.6232658094 0.4611678637 0.349803357 0.3006447153 0.3066008845 0.3436249997 0.3899948757 0.4393088541 0.4950955601 0.5571109289 0.6150209189 0.6561931599 0.6758756074 0.6780484102 0.6696418932 0.6568738945 0.6413522024 0.6145261112 0.563566399 0.4865833851 0.396376053 0.3092064018 0.2337314257 0.1704641469 0.1179318661 0.07675217088 0.04811692585 0.03042255514 0.01943304361 0.01230644505 0.008867223846 0.009224855763 0.01097628775 0.01200654436 0.01159569814 0.009819122753 0.007270235736 0.004692499373 0.002635246672 0.001290783088 0.0005580144031 0.0002200151148 0 0 0 0 0 0 0 0 0 0 0 0 0 0 0 0 0 0 0 0 0 0 0 0 0 0 0 0 0 0 0
0 0 0 0 0 0 0 0 0 0 0 0 0 0 0 0 0 0 0 0 0 0 0 0 0 0 0 0 0 0 0 0.001997793877 0.006566858041 0.01850480571 0.04486509982 0.09383393774 0.1702488771 0.2698017861 0.3772259345 0.4736389161 0.5520623975 0.6260736694 0.7103604555 0.7908830846 0.8330274705 0.8134051237 0.7345855889 0.6186142204 0.4933020287 0.382645791 0.3055402298 0.2758558104 0.2939026775 0.3485439028 0.4348716814 0.5548424567 0.7034941282 0.8583914302 0.9841976981 1.051501228 1.053930745 1.006739623 0.9294114248 0.8353867125 0.7367847457 0.6446440961 0.5606897741 0.4803333544 0.402982193 0.3315955611 0.2663943824 0.2050856597 0.1480688013 0.100062674 0.06557516193 0.04378525579 0.02973777115 0.02069498604 0.01827886665 0.02254274995 0.02846486752 0.03231460374 0.03226681087 0.02816080957 0.0213932007 0.01411080108 0.008088449693 0.004060583591 0.001823140028 0.0007663473898 0.0003266813189 0 0 0 0 0 0 0 0 0 0 0 0 0 0 0 0 0 0 0 0 0 0 0 0 0 0 0 0 0 0
0 0 0 0 0 0 0 0 0 0 0 0 0 0 0 0 0 0 0 0 0 0 0 0 0 0 0 0 0 0 0 0.001633701003 0.005353041085 0.01501893707 0.03617812495 0.07520484112 0.1355585386 0.2139513154 0.2996974911 0.3801916114 0.4497332402 0.5124088697 0.5716446106 0.6182664042 0.6363697156 0.6178886952 0.567092511 0.4954070157 0.4170857855 0.3501552971 0.3165882363 0.329584061 0.3840294235 0.4767314511 0.6180720921 0.8165378272 1.057409665 1.295302359 1.46944681 1.535092863 1.488780645 1.364532824 1.202354895 1.024454983 0.8445076393 0.6828893711 0.557484055 0.4682256995 0.4020339515 0.3457503665 0.2900179174 0.2305837856 0.1705153413 0.1183517499 0.08094401565 0.05728665375 0.04176244943 0.03324680817 0.03656919715 0.05016247896 0.0662166375 0.07763577654 0.07966701305 0.07112041002 0.05505896718 0.03695732263 0.02162269772 0.01118965866 0.005277713689 0.002392518456 0.001118524942 0.0005545715164 0 0 0 0 0 0 0 0 0 0 0 0 0 0 0 0 0 0 0 0 0 0 0 0 0 0 0 0 0
0 0 0 0 0 0 0 0 0 0 0 0 0 0 0 0 0 0 0 0 0 0 0 0 0 0 0 0 0 0 0 0.001142671317 0.00374130195 0.01049401393 0.02530994459 0.05285627408 0.09641925184 0.1558630759 0.227126412 0.3036301799 0.3780599658 0.4435616016 0.493906673 0.5235276753 0.5296241454 0.5137170673 0.4796699806 0.4333541384 0.3887788313 0.3729670122 0.4081436641 0.4862438532 0.5911840343 0.7294899615 0.9252766211 1.19134299 1.502006905 1.790331237 1.975292341 2.004135072 1.882513561 1.666780361 1.420161912 1.174866259 0.9416371846 0.7386570541 0.5888857768 0.4952182891 0.436286279 0.3864345967 0.3298117463 0.2632459217 0.1944700329 0.1359721626 0.09578110547 0.071507314 0.05651521837 0.05274032021 0.06881441342 0.101163642 0.1376865126 0.1652651259 0.172846736 0.1567741949 0.1231707472 0.08411507232 0.05047620372 0.0271990461 0.01363342629 0.0066847632 0.003380974362 0.001768875568 0.0008961484812 0 0 0 0 0 0 0 0 0 0 0 0 0 0 0 0 0 0 0 0 0 0 0 0 0 0 0 0
0 0 0 0 0 0 0 0 0 0 0 0 0 0 0 0 0 0 0 0 0 0 0 0 0 0 0 0 0 0 0 0 0.002247912909 0.006348794286 0.01552865419 0.03327378897 0.06345111418 0.109211766 0.1715037324 0.2463227787 0.3235960195 0.3906707403 0.4379512877 0.4618351172 0.4640606118 0.4492984998 0.4231610969 0.396745395 0.3977129511 0.4605870367 0.5839910048 0.7346661431 0.8923631185 1.070599549 1.302892217 1.604367074 1.939549467 2.225981459 2.373495376 2.333488138 2.126789284 1.829490649 1.521293457 1.240252192 0.9923728945 0.7893423781 0.6501142149 0.5725722505 0.5273709289 0.4811716249 0.4153074118 0.3304240806 0.2415690167 0.1673287178 0.1181762633 0.09064544375 0.07686277521 0.08269590579 0.1202302283 0.183332506 0.2540167388 0.3090156047 0.3269823133 0.3000267453 0.2391168093 0.1668664244 0.1036741465 0.05883840225 0.03151466042 0.0165918802 0.008927111857 0.004858042067 0.002506494176 0.001156239075 0 0 0 0 0 0 0 0 0 0 0 0 0 0 0 0 0 0 0 0 0 0 0 0 0 0 0
0 0 0 0 0 0 0 0 0 0 0 0 0 0 0 0 0 0 0 0 0 0 0 0 0 0 0 0 0 0 0 0 0.001171744034 0.003382710769 0.008602782951 0.01964738897 0.04039821376 0.07544047666 0.1272085941 0.1923234448 0.2609450232 0.3209774636 0.3639055042 0.3869664 0.3918167504 0.3833462202 0.3713763758 0.3790743667 0.4466899144 0.5960754049 0.8011658395 1.017238473 1.2192584 1.421377154 1.661525648 1.95593629 2.263260995 2.494895796 2.564697575 2.43994751 2.160140551 1.813528692 1.483237038 1.204711009 0.9782821473 0.8093393068 0.7095112061 0.6686297127 0.6509158314 0.6175182686 0.546687965 0.4419490737 0.3261940181 0.2264973329 0.1589134014 0.1215897289 0.1071576454 0.126351128 0.1931281905 0.2974381924 0.4134553292 0.504966928 0.5376505676 0.4984535686 0.4044627287 0.2909587897 0.1893164489 0.1139611094 0.0649509027 0.03622132059 0.02042863845 0.0114500006 0.005989316641 0.002777829772 0 0 0 0 0 0 0 0 0 0 0 0 0 0 0 0 0 0 0 0 0 0 0 0 0 0 0
0 0 0 0 0 0 0 0 0 0 0 0 0 0 0 0 0 0 0 0 0 0 0 0 0 0 0 0 0 0 0 0 0.0005419617667 0.001832138668 0.004856021696 0.01174578732 0.0258261172 0.05108398688 0.08957144586 0.1391307645 0.1928561564 0.2424666123 0.2822228745 0.3099014716 0.3257735276 0.3338422161 0.3471267315 0.3957159256 0.5186138574 0.7259884985 0.9847693152 1.244021809 1.471647611 1.678196612 1.901251747 2.156355649 2.400612947 2.548562065 2.527950673 2.327678735 2.004179766 1.648356869 1.334826077 1.089618286 0.9079548653 0.7910579004 0.744632928 0.7536820115 0.7785156969 0.7732949712 0.7097202528 0.5911548466 0.4478106855 0.3173205407 0.2241083557 0.170187982 0.1517292571 0.1860584223 0.2858021067 0.4339261362 0.5958393147 0.7234890707 0.771745753 0.7239317177 0.6023833823 0.4515769167 0.3101352266 0.1975178958 0.1183441995 0.06893658096 0.04030617049 0.02311147169 0.01221870279 0.005690752126 0.002286434304 0 0 0 0 0 0 0 0 0 0 0 0 0 0 0 0 0 0 0 0 0 0 0 0 0 0
0 0 0 0 0 0 0 0 0 0 0 0 0 0 0 0 0 0 0 0 0 0 0 0 0 0 0 0 0 0 0 0 0.0004749768843 0.001496371799 0.003913182215 0.00930683647 0.02016180037 0.03892809348 0.06724444704 0.104378552 0.1471644121 0.1918777272 0.235725951 0.2763951787 0.3113026408 0.3405541995 0.3742788265 0.4404024289 0.5769487447 0.7967272335 1.067757208 1.335737131 1.564049068 1.759241568 1.954637125 2.162034175 2.339130157 2.409730044 2.319458316 2.076429245 1.746594566 1.414574565 1.140419789 0.940740231 0.8094393797 0.7472851984 0.7581046345 0.8253511849 0.9041259254 0.9383316702 0.8905728561 0.7628107347 0.5928869256 0.4306343119 0.3097455392 0.2361701152 0.2120189246 0.2628166189 0.3951721839 0.5803726601 0.7749751776 0.925155521 0.9837816396 0.9355028409 0.803977748 0.6320022088 0.4570560273 0.3042946172 0.188892577 0.1136255337 0.06834727072 0.0399005172 0.02127163463 0.009939682889 0.003998450138 0 0 0 0 0 0 0 0 0 0 0 0 0 0 0 0 0 0 0 0 0 0 0 0 0 0
0 0 0 0 0 0 0 0 0 0 0 0 0 0 0 0 0 0 0 0 0 0 0 0 0 0 0 0 0 0 0 0.0002056297632 0.000672899789 0.001984422597 0.005334913367 0.01254211904 0.02578762349 0.04680114661 0.07581718065 0.1119202621 0.1541900645 0.2024155405 0.2561494027 0.3121526816 0.3637008882 0.4052441213 0.4412297503 0.494452144 0.6036349946 0.7909757908 1.031179736 1.271461972 1.475887935 1.649176572 1.818484639 1.988894576 2.119006187 2.144218019 2.026803021 1.786239994 1.486589373 1.198616793 0.9677361691 0.8074085198 0.7176755882 0.7037790969 0.769044174 0.8924703159 1.020998649 1.089343528 1.054183597 0.9181724766 0.7269358684 0.54068438 0.3991005933 0.3098779311 0.2829109723 0.3533334859 0.5186719514 0.7345040437 0.946973228 1.101453598 1.159067882 1.113017852 0.9848587424 0.8051405474 0.6037877343 0.4131347682 0.2622355538 0.1615447963 0.09940250988 0.05887221815 0.03159265681 0.01480032648 0.005959403724 0 0 0 0 0 0 0 0 0 0 0 0 0 0 0 0 0 0 0 0 0 0 0 0 0 0
0 0 0 0 0 0 0 0 0 0 0 0 0 0 0 0 0 0 0 0 0 0 0 0 0 0 0 0 0 0 0 0.0002639444287 0.0009338327796 0.00291649948 0.007970410324 0.01889817687 0.03882680981 0.06958708843 0.1103136807 0.1581554623 0.2111558853 0.2700052033 0.3355248423 0.4039069087 0.465391965 0.5101795865 0.5373071706 0.5615952477 0.6170277128 0.7371231911 0.9125739303 1.097725874 1.259939198 1.40354089 1.549396921 1.696078583 1.804263758 1.821509061 1.722575822 1.527999718 1.288429947 1.055253431 0.8623997516 0.7277540709 0.664632745 0.6859395221 0.7908708009 0.9489960953 1.100778918 1.179379769 1.143793458 1.001343192 0.803168378 0.6127104974 0.4679350359 0.3750199449 0.3527355183 0.4469696534 0.6501239787 0.9044034966 1.14208075 1.300949236 1.346435531 1.283386715 1.139435277 0.9406476229 0.7125396375 0.4917750727 0.3155849384 0.1977534713 0.1238836421 0.07420535041 0.04002247737 0.01878638288 0.007569813831 0.002605666204 0 0 0 0 0 0 0 0 0 0 0 0 0 0 0 0 0 0 0 0 0 0 0 0 0
0 0 0 0 0 0 0 0 0 0 0 0 0 0 0 0 0 0 0 0 0 0 0 0 0 0 0 0 0 0 8.416633551e-05 0.0003554190367 0.001308368408 0.004178775826 0.01157144872 0.02764872895 0.0572513625 0.1033876456 0.1648040241 0.2361859117 0.3120600022 0.3903059173 0.4704928937 0.5484672603 0.6144836776 0.6581843785 0.674720029 0.6683255789 0.6601889405 0.6896424416 0.7755551649 0.8896081677 1.000662178 1.109048521 1.229062748 1.355988283 1.456875472 1.492096872 1.443663932 1.323647042 1.161505007 0.9884820203 0.831538363 0.715671479 0.667150511 0.7053490421 0.8236054818 0.9820643451 1.119337504 1.176354602 1.124276116 0.9795214151 0.7945217835 0.6258897686 0.5007396882 0.4209276999 0.4124697804 0.5315047689 0.7775826406 1.090376101 1.385921212 1.577153331 1.610771374 1.494551846 1.280769869 1.022471743 0.7561226645 0.515177682 0.33014289 0.2087963782 0.1324086219 0.07992830745 0.04325679368 0.02032929736 0.008195077219 0.002821346206 0 0 0 0 0 0 0 0 0 0 0 0 0 0 0 0 0 0 0 0 0 0 0 0 0
0 0 0 0 0 0 0 0 0 0 0 0 0 0 0 0 0 0 0 0 0 0 0 0 0 0 0 0 0 0 0.0001311093967 0.0005536529698 0.002028190255 0.006441135899 0.01770032533 0.04218669989 0.08754198937 0.1590092996 0.2550589409 0.3662361785 0.4797534498 0.5862300018 0.6813710901 0.7620723189 0.8238450886 0.8616217287 0.8687111067 0.8368324484 0.769817223 0.7016201773 0.6788704412 0.7090906335 0.7658630177 0.8374978587 0.9278947705 1.031669244 1.126298223 1.185283817 1.193856292 1.151324486 1.066045546 0.953887518 0.8380826409 0.7476608728 0.7140791707 0.7577928571 0.8673093643 0.9971451349 1.088844536 1.098487191 1.017253973 0.8742963376 0.7197620967 0.5947948285 0.5093900763 0.4594589847 0.4715343702 0.607488957 0.8894452765 1.267890706 1.642537931 1.889935914 1.920906003 1.734242351 1.412372196 1.058354794 0.7395614017 0.485180842 0.3052825545 0.1922816613 0.1220989648 0.0737855851 0.03993852973 0.01876662144 0.007563868486 0.002603730118 0 0 0 0 0 0 0 0 0 0 0 0 0 0 0 0 0 0 0 0 0 0 0 0 0
0 0 0 0 0 0 0 0 0 0 0 0 0 0 0 0 0 0 0 0 0 0 0 0 0 0 0 0 0 5.15950401e-05 0.0002393198059 0.0009785773111 0.003488885827 0.01082783265 0.02919315394 0.06851683995 0.140465702 0.2528154301 0.4022470473 0.5716405862 0.7365711047 0.8770175674 0.9837793104 1.056628451 1.101009952 1.122648115 1.11587216 1.060644228 0.9454442911 0.7954925807 0.6676646418 0.6041447049 0.599260494 0.6312044292 0.6899058238 0.7671785937 0.8484690225 0.9178915759 0.9637743118 0.977086397 0.9528859074 0.8974902654 0.8304883633 0.7798442506 0.7746108398 0.8296590185 0.926650962 1.017222642 1.050613571 1.002824413 0.8888034364 0.752072988 0.6387938144 0.5704486985 0.5387811395 0.5322928549 0.5668194939 0.698326092 0.9800351221 1.388903811 1.815201059 2.104786055 2.136773947 1.898275588 1.490292487 1.055128766 0.6920219255 0.4312689345 0.2622418286 0.1607690753 0.09960969567 0.05914801278 0.03170211483 0.01482260329 0.005960144613 0.002049377253 0 0 0 0 0 0 0 0 0 0 0 0 0 0 0 0 0 0 0 0 0 0 0 0 0
0 0 0 0 0 0 0 0 0 0 0 0 0 0 0 0 0 0 0 0 0 0 0 0 0 0 0 0 0 0.000102014521 0.0004403678844 0.001711330592 0.005893248422 0.01782029224 0.04698633632 0.1080145796 0.2171873222 0.3837766155 0.5999909589 0.8379717419 1.059995626 1.235847306 1.352934633 1.414572233 1.434930286 1.429123029 1.394811596 1.307871746 1.150838104 0.9452657982 0.7474794095 0.6080544667 0.5373120724 0.5188273102 0.5384256685 0.5841866893 0.6415711167 0.6991801179 0.7506874689 0.7880523234 0.802408603 0.7947799178 0.7798278832 0.7804472266 0.8189783447 0.9004380052 0.9965467346 1.056408304 1.039557882 0.9433721854 0.805989966 0.6845002058 0.6204853252 0.6163043665 0.6481675723 0.6936796547 0.7485315411 0.8465739261 1.059530226 1.413007995 1.813106486 2.09413851 2.120185348 1.869375601 1.443540606 0.9945851136 0.631877463 0.3842845414 0.228939868 0.1345260197 0.07778088616 0.04326038254 0.02221748765 0.01015249762 0.004037386042 0 0 0 0 0 0 0 0 0 0 0 0 0 0 0 0 0 0 0 0 0 0 0 0 0 0
0 0 0 0 0 0 0 0 0 0 0 0 0 0 0 0 0 0 0 0 0 0 0 0 0 0 0 0 0 0.0001942088562 0.0007709298749 0.002793661906 0.009145554262 0.02671371115 0.06854295047 0.1540090942 0.3031282967 0.5247385404 0.8045887652 1.104273984 1.37645808 1.586508316 1.722624685 1.790136497 1.801824041 1.768755655 1.68974909 1.551204535 1.347837652 1.105312891 0.8748766387 0.6989312231 0.5848014999 0.518037241 0.487500707 0.4862009337 0.5033495278 0.5291501849 0.5610103561 0.5962670379 0.6283555785 0.6560062105 0.6884081119 0.7415732066 0.82961041 0.9466813633 1.054974334 1.102738246 1.059902545 0.9414781778 0.8031004824 0.7116488896 0.7045913357 0.7709520479 0.8733533129 0.9722911154 1.040699939 1.084238761 1.163286081 1.353897662 1.625854125 1.833524089 1.840514818 1.616252441 1.24533558 0.8600752498 0.5546357543 0.3476604716 0.2122377452 0.122543729 0.06558477584 0.03253135994 0.0149975651 0.006354916669 0.00242200138 0.0001102563318 0 0 0 0 0 0 0 0 0 0 0 0 0 0 0 0 0 0 0 0 0 0 0 0 0
0 0 0 0 0 0 0 0 0 0 0 0 0 0 0 0 0 0 0 0 0 0 0 0 0 0 0 0 0 0.0003473410109 0.001279428879 0.004277968955 0.01307151581 0.03618256516 0.08934875521 0.1950128604 0.3746749415 0.6348880569 0.9555551401 1.292823343 1.599082968 1.845164514 2.02470494 2.138879688 2.181189855 2.138490633 2.004934879 1.791551596 1.526001669 1.249117178 1.005431849 0.8226890286 0.697824936 0.6082112006 0.5342039254 0.4717094415 0.4272878618 0.4050729632 0.4048182134 0.4248383701 0.4609499311 0.5110929083 0.579689797 0.6761737322 0.8064199038 0.955421459 1.081094338 1.135561858 1.097361072 0.989934926 0.8753280381 0.825063067 0.8779828715 1.018440167 1.192932674 1.338007818 1.405727986 1.383528171 1.311333761 1.278949636 1.340398093 1.419453488 1.393423622 1.217753839 0.9456362507 0.6708307716 0.4560400952 0.3050715746 0.1952164725 0.1140496803 0.05920638652 0.02718183005 0.01115417576 0.004165190634 0.001437337044 0.0001604956077 6.287577082e-05 0 0 0 0 0 0 0 0 0 0 0 0 0 0 0 0 0 0 0 0 0 0 0 0
0 0 0 0 0 0 0 0 0 0 0 0 0 0 0 0 0 0 0 0 0 0 0 0 0 0 0 0 0 0.0005635601572 0.001975349899 0.006171197048 0.01751193402 0.04523882274 0.1057329206 0.2215542503 0.4128629226 0.6832988439 1.010728927 1.354755226 1.679326588 1.970195932 2.226727196 2.433755136 2.54698318 2.517334582 2.333222907 2.035671548 1.694286807 1.374491196 1.119646149 0.943730721 0.8295940365 0.7395877068 0.6400029548 0.5240145561 0.4126885941 0.3327419533 0.2956065987 0.2980345753 0.3332607558 0.3971050429 0.4903274863 0.6169047523 0.7747591718 0.9432046576 1.083277849 1.155500849 1.142889319 1.066202986 0.9842926674 0.972337123 1.078113303 1.285872626 1.522618174 1.697609413 1.745802525 1.65144118 1.45129882 1.228071399 1.073599693 1.000990243 0.9307831062 0.8036830099 0.6343290057 0.4720525606 0.3453399304 0.2472450548 0.1649487511 0.09823259957 0.05118038287 0.02324115885 0.009268946747 0.0033058436 0.0006351668542 0.0002431994843 8.501941058e-05 2.702461118e-05 0 0 0 0 0 0 0 0 0 0 0 0 0 0 0 0 0 0 0 0 0 0 0
0 0 0 0 0 0 0 0 0 0 0 0 0 0 0 0 0 0 0 0 0 0 0 0 0 0 0 0 0 0.0008055095371 0.002747027022 0.008272069441 0.02207411405 0.05326194491 0.1166648725 0.2318309591 0.4152668416 0.6685722852 0.9727892667 1.299623759 1.633288953 1.97802656 2.332065946 2.649907762 2.843311602 2.834301395 2.613328999 2.247968277 1.840675422 1.479146744 1.212186709 1.04628718 0.9495128747 0.867465504 0.7550563287 0.6044485289 0.4453072992 0.3190817217 0.2515402512 0.2432384665 0.282271914 0.3606071344 0.4760737392 0.6261929492 0.7997497888 0.9730681402 1.114550944 1.194453228 1.197785314 1.140052289 1.076433383 1.085910073 1.224638851 1.476566725 1.751072678 1.933894698 1.948354803 1.785651926 1.49596984 1.162549294 0.8739644957 0.6830167113 0.5681361571 0.4742736226 0.3823863732 0.3029309687 0.2389508989 0.1810454584 0.125398797 0.07725929202 0.04212572665 0.02049999241 0.009021354573 0.003619669572 0.001180754892 0.0004144632674 0.000128935501 3.61733827e-05 0 0 0 0 0 0 0 0 0 0 0 0 0 0 0 0 0 0 0 0 0 0 0
0 0 0 0 0 0 0 0 0 0 0 0 0 0 0 0 0 0 0 0 0 0 0 0 0 0 0 0 0 0.0009970751933 0.003352012147 0.009994563762 0.02576552382 0.05916622028 0.1225537355 0.230867186 0.3959130466 0.6183343075 0.8855650779 1.184827468 1.522296719 1.9170127 2.35547129 2.755690056 2.996429139 2.991994712 2.747266965 2.350051736 1.91721026 1.543781464 1.280683914 1.130513137 1.051477029 0.9787872766 0.8620178435 0.6942718794 0.5111970488 0.363853359 0.2875874229 0.2845369453 0.3405126659 0.4498912144 0.6073590678 0.7956288029 0.9862688524 1.149086467 1.260247412 1.303824171 1.275134316 1.194574023 1.118098765 1.122593616 1.263776999 1.524250443 1.80332135 1.973404785 1.952865713 1.741882971 1.406732224 1.037412837 0.7122517271 0.4783786571 0.3395597115 0.2624968779 0.2144902053 0.1813670295 0.1539371883 0.1248921436 0.09380714463 0.06463058308 0.04074711741 0.02330354706 0.01190614322 0.005176254732 0.002066375487 0.0007130556719 0.0002147479449 5.719663638e-05 1.365032064e-05 0 0 0 0 0 0 0 0 0 0 0 0 0 0 0 0 0 0 0 0 0 0
0 0 0 0 0 0 0 0 0 0 0 0 0 0 0 0 0 0 0 0 0 0 0 0 0 0 0 0 0 0.001060295808 0.003604737327 0.0108234019 0.02749318123 0.06183890913 0.1242677653 0.2257269831 0.3740821365 0.5688413632 0.8021051102 1.07322403 1.405827041 1.826900646 2.304584331 2.725951331 2.956785202 2.926543551 2.666488844 2.279618357 1.88014285 1.551606232 1.334006174 1.222257737 1.170579924 1.113172406 1.000025699 0.8260917197 0.6323678556 0.4796384146 0.4103434075 0.4242736604 0.5117577362 0.6796478874 0.9175698356 1.179872948 1.405149231 1.545762544 1.584397154 1.529175304 1.403512254 1.247556582 1.120818029 1.089272042 1.199473891 1.433282758 1.688283898 1.834386173 1.790373228 1.561634382 1.222608421 0.8667561331 0.5640559365 0.3467522468 0.2152412296 0.149096638 0.1210416957 0.1106694697 0.1059901761 0.09991700902 0.08860314315 0.07143787572 0.05105726551 0.03183725945 0.01701988413 0.007965386508 0.003218651947 0.001131555327 0.0003498454534 9.618600007e-05 2.367399338e-05 0 0 0 0 0 0 0 0 0 0 0 0 0 0 0 0 0 0 0 0 0 0
0 0 0 0 0 0 0 0 0 0 0 0 0 0 0 0 0 0 0 0 0 0 0 0 0 0 0 0 0 0.0009656021964 0.003477302472 0.0108681576 0.02771802891 0.06276946924 0.125152009 0.2242077805 0.3646524385 0.543177758 0.7517679366 0.9952628274 1.307595239 1.7173089 2.17574101 2.553586529 2.723531532 2.644847059 2.38023484 2.043988601 1.737024968 1.517443027 1.401493471 1.369912272 1.37353735 1.348490042 1.246808029 1.066628148 0.8577040706 0.6956915308 0.6326609032 0.6655771452 0.7905027756 1.032908707 1.378987064 1.74503503 2.0229064 2.137502316 2.076373753 1.879514236 1.611216889 1.341034496 1.132751514 1.036884071 1.089143751 1.273505611 1.489718513 1.610397297 1.557439768 1.336764241 1.021361042 0.7015094093 0.440007232 0.2586123827 0.1502940574 0.0972228709 0.08101809725 0.08511453994 0.09627683662 0.1041799193 0.101582678 0.08682478562 0.06425681815 0.04089449684 0.02253250968 0.01074733037 0.004473712086 0.001642355522 0.0005368590045 0.0001568849017 4.081489888e-05 9.36272875e-06 0 0 0 0 0 0 0 0 0 0 0 0 0 0 0 0 0 0 0 0 0
0 0 0 0 0 0 0 0 0 0 0 0 0 0 0 0 0 0 0 0 0 0 0 0 0 0 0 0 0 0 0.003345199386 0.01114467008 0.0293751565 0.066133475 0.1316057195 0.23371273 0.3738547762 0.5442160361 0.7338465631 0.9487630325 1.225233441 1.586490799 1.973916383 2.261548523 2.345952788 2.219872129 1.971500774 1.719630548 1.547868305 1.484976754 1.519097636 1.612703188 1.708197404 1.73817033 1.65345205 1.456917982 1.213788531 1.023628152 0.9541854056 0.9975112193 1.148592474 1.453991335 1.904712755 2.37893844 2.717025847 2.812557184 2.655703378 2.317356533 1.902179677 1.508260387 1.203521041 1.025914021 1.005150442 1.130322135 1.302122108 1.395885452 1.338647442 1.135957285 0.8541773475 0.5746991598 0.3524851662 0.203265178 0.1168166419 0.0769862074 0.07035288583 0.08220286214 0.09929850077 0.1112531633 0.1106263997 0.09584803375 0.07182732179 0.04662787263 0.02631219383 0.01301200858 0.005694049943 0.002221018606 0.0007728495684 0.0002384230024 6.455245933e-05 1.519638845e-05 0 0 0 0 0 0 0 0 0 0 0 0 0 0 0 0 0 0 0 0 0
0 0 0 0 0 0 0 0 0 0 0 0 0 0 0 0 0 0 0 0 0 0 0 0 0 0 0 0 0 0.001370327483 0.004301270278 0.01374788188 0.03419958651 0.07551024353 0.1476023292 0.2567268939 0.4001722785 0.5654993411 0.7398907114 0.9301983373 1.167612388 1.460786634 1.746541912 1.920575712 1.917324307 1.761492121 1.553483364 1.406273217 1.385931665 1.496221409 1.699720929 1.939620342 2.14594366 2.242335018 2.174413911 1.949988812 1.654374494 1.417041689 1.325112925 1.36266115 1.514253296 1.845588192 2.365220543 2.926065416 3.32439638 3.424382373 3.212859927 2.778827359 2.253259187 1.753994113 1.354488175 1.089913423 0.9904867005 1.050068649 1.168761612 1.225315208 1.156016807 0.9692028692 0.7227886848 0.4843678662 0.2979141707 0.1743876309 0.1038539435 0.07284379438 0.06988166287 0.08153562498 0.09677007716 0.1072367848 0.1064643509 0.09300581434 0.07099268294 0.04743389508 0.02791880075 0.01458294649 0.006786006631 0.002807012548 0.001024433977 0.0003267835768 9.036220471e-05 2.152897388e-05 0 0 0 0 0 0 0 0 0 0 0 0 0 0 0 0 0 0 0 0 0
0 0 0 0 0 0 0 0 0 0 0 0 0 0 0 0 0 0 0 0 0 0 0 0 0 0 0 0 0.0007581719954 0.002401227235 0.006960652423 0.01835089326 0.04290929766 0.09075605714 0.1720490845 0.2911569184 0.4417338781 0.6078984307 0.7774078413 0.9586698531 1.171494077 1.401332764 1.580977716 1.637358384 1.551467645 1.378867124 1.22197228 1.179272243 1.299790536 1.565863422 1.917467586 2.28131952 2.578112774 2.725253988 2.664516662 2.408159118 2.058789742 1.771442109 1.649239578 1.66723971 1.793942177 2.107406024 2.64473248 3.255928994 3.711509242 3.852461118 3.652400237 3.196855291 2.621198294 2.051840226 1.57163774 1.224255634 1.044329279 1.028729405 1.081625577 1.089215734 1.000136836 0.827587318 0.619279096 0.4242084391 0.2719652705 0.1691782544 0.1083217408 0.07959371855 0.07409988288 0.08037278645 0.08909769114 0.09439555554 0.09222758153 0.08122704888 0.06379692277 0.04459201887 0.02776107839 0.01537454656 0.007535476397 0.003242415924 0.00121487548 0.0003936863543 0.0001098032315 2.627258707e-05 0 0 0 0 0 0 0 0 0 0 0 0 0 0 0 0 0 0 0 0 0
0 0 0 0 0 0 0 0 0 0 0 0 0 0 0 0 0 0 0 0 0 0 0 0 0 0 0 0.000428869493 0.001389892251 0.00404774697 0.01083953133 0.02559733194 0.05552962922 0.111031439 0.2029274688 0.3356554491 0.5014828751 0.6834227414 0.8704588795 1.06921812 1.281579496 1.466618432 1.553471304 1.500547529 1.335518557 1.144089574 1.028317478 1.071267104 1.303733538 1.684691398 2.13331395 2.563775138 2.894508886 3.048259802 2.973321128 2.687752516 2.302218094 1.981670846 1.834764953 1.829388309 1.919350442 2.185857876 2.695705179 3.317808088 3.820263643 4.031517428 3.904304097 3.500034832 2.937776887 2.342724646 1.809424847 1.394925618 1.13741571 1.038086337 1.017834095 0.9765796701 0.8722313264 0.7188409565 0.5506880582 0.396489276 0.2727167166 0.1844978549 0.128080385 0.09695549985 0.08525727003 0.08412327011 0.08455870421 0.08241269842 0.07676562203 0.06728109528 0.05437620007 0.039802678 0.02601999532 0.01502011529 0.007586103601 0.003327041157 0.001260059714 0.0004105437356 0.0001147607974 2.747236956e-05 0 0 0 0 0 0 0 0 0 0 0 0 0 0 0 0 0 0 0 0 0
0 0 0 0 0 0 0 0 0 0 0 0 0 0 0 0 0 0 0 0 0 0 0 0 0 0 0 0.000694338241 0.002242357275 0.006320496276 0.01609449936 0.03581134715 0.07272860454 0.1373406123 0.2417448847 0.3934633698 0.5877126298 0.8086455167 1.042907881 1.285992394 1.516675575 1.672333991 1.682478935 1.533580234 1.293274255 1.07342227 0.9774482892 1.078012735 1.386803598 1.837660935 2.330562205 2.769140997 3.074107353 3.184170063 3.067012722 2.7515189 2.347995421 2.014450882 1.852250365 1.825035666 1.878770275 2.088705232 2.539733432 3.131149092 3.651640699 3.933117242 3.909028486 3.60597604 3.112671304 2.5436247 2.00032185 1.549387519 1.229425841 1.049106277 0.9595152677 0.8823150149 0.7768361491 0.6478831107 0.5143103472 0.390727166 0.2880043962 0.2121662972 0.1605657444 0.1269023878 0.1070072689 0.0961577919 0.08763598124 0.07759295566 0.06654008229 0.05576785842 0.04494382196 0.03354954473 0.02244769843 0.01319530185 0.006739715745 0.002973447484 0.00112875821 0.0003678469513 0.0001027377077 2.456245375e-05 0 0 0 0 0 0 0 0 0 0 0 0 0 0 0 0 0 0 0 0 0
0 0 0 0 0 0 0 0 0 0 0 0 0 0 0 0 0 0 0 0 0 0 0 0 0 0 0.000269572405 0.001008880151 0.003244799382 0.009179100078 0.02245967186 0.04868289355 0.09550203054 0.1732515459 0.2957509401 0.4759039613 0.7157398842 1.000215765 1.304340624 1.600524278 1.845342409 1.968748202 1.911121005 1.683710734 1.381673544 1.132060274 1.038284089 1.168505623 1.519601603 2.003480178 2.505014853 2.921149825 3.175194987 3.219883024 3.043347342 2.689112407 2.267935424 1.924901335 1.746191193 1.692942961 1.710491513 1.861049284 2.22902832 2.744563316 3.235627671 3.556220063 3.63019206 3.44969281 3.06697455 2.576076082 2.074623614 1.630891424 1.282210879 1.045077975 0.9028613619 0.8047386817 0.7074324832 0.5996582522 0.4887918488 0.38651346 0.3040747222 0.2456827209 0.2048411545 0.1721098197 0.1432069039 0.1182152895 0.09684129324 0.07766437389 0.06054094086 0.04660923177 0.03558874017 0.02601648596 0.01732620203 0.01018319467 0.005199446408 0.002291444389 0.0008682275499 0.0002822733996 7.864861253e-05 1.875260237e-05 0 0 0 0 0 0 0 0 0 0 0 0 0 0 0 0 0 0 0 0 0
0 0 0 0 0 0 0 0 0 0 0 0 0 0 0 0 0 0 0 0 0 0 0 0 0 8.289887258e-05 0.0003590356428 0.001335475533 0.004285741221 0.01204615804 0.02950615626 0.06403807769 0.1251308834 0.2244754942 0.3772281323 0.6004486691 0.9019136172 1.263623311 1.638930164 1.968064804 2.191240778 2.253030704 2.124465389 1.841456788 1.508127788 1.246312238 1.152153055 1.293136261 1.659034139 2.147685029 2.636386145 3.02304248 3.234646248 3.228333966 3.000433519 2.605551349 2.159989538 1.799831087 1.594517646 1.503961699 1.478658638 1.563990771 1.82867901 2.228853107 2.641838568 2.956433327 3.097962373 3.032346508 2.778185104 2.403286546 1.991090373 1.604261252 1.276953192 1.027730225 0.8600646597 0.7492703226 0.6562547151 0.5594127328 0.4619108016 0.3783673923 0.3203450848 0.2865182656 0.2630244111 0.2350862346 0.197037915 0.1533669309 0.1126145428 0.07993455561 0.05561349223 0.03838372456 0.02666262349 0.01831831271 0.01182829855 0.006829535197 0.003458286218 0.001516311168 0.000572091324 0.0001852927688 5.144032276e-05 0 0 0 0 0 0 0 0 0 0 0 0 0 0 0 0 0 0 0 0 0 0
0 0 0 0 0 0 0 0 0 0 0 0 0 0 0 0 0 0 0 0 0 0 0 0 0 0.0001010874613 0.0004348616085 0.001614678779 0.005201173429 0.01471994375 0.03666984019 0.08140920097 0.1626355438 0.2955959295 0.4954064967 0.7762273635 1.143205817 1.571109407 1.990586946 2.3103436 2.461046395 2.420223143 2.211076324 1.897805072 1.573501904 1.331265755 1.251520472 1.400535475 1.764720492 2.238327918 2.700587868 3.056609522 3.238767123 3.203844478 2.947963996 2.530955654 2.073346715 1.701607291 1.467341412 1.331885869 1.256722362 1.27195485 1.423961258 1.688596851 1.99136129 2.258010963 2.423022703 2.439660885 2.303991929 2.059729709 1.770771003 1.486809528 1.23132043 1.014974203 0.8473334677 0.7254385792 0.6266762252 0.5319133119 0.4445001167 0.3808279403 0.3504172218 0.344723596 0.3411280095 0.3181014422 0.2687603767 0.2029818595 0.1381975548 0.08721014572 0.05296873885 0.03193560046 0.01951364823 0.01207942442 0.007328362827 0.004102563341 0.00197986631 0.0008606777578 0.0003227430644 0.0001040201544 2.876743695e-05 0 0 0 0 0 0 0 0 0 0 0 0 0 0 0 0 0 0 0 0 0 0
0 0 0 0 0 0 0 0 0 0 0 0 0 0 0 0 0 0 0 0 0 0 0 0 0 0.0001099133761 0.0004732087085 0.001767143898 0.005771918342 0.01669409135 0.04299957784 0.09923747679 0.2055092808 0.3821883429 0.6417679656 0.9850791317 1.40089292 1.85345188 2.26316175 2.524233804 2.566916645 2.404362583 2.116659207 1.797532833 1.517641933 1.328678516 1.291127375 1.462222744 1.821008955 2.268956183 2.698271685 3.024506205 3.184982682 3.136804182 2.876529229 2.466710339 2.025599224 1.662676291 1.409937503 1.233583682 1.109816401 1.058199006 1.104395108 1.236958745 1.41970005 1.609894101 1.755891558 1.812691772 1.769439016 1.653856127 1.507390839 1.354403298 1.195500166 1.030067644 0.8734382155 0.7421231703 0.6333230899 0.5372605544 0.4598837251 0.4175625378 0.4154953933 0.4365437524 0.4485352149 0.4239480832 0.3571655386 0.2654916901 0.1751137006 0.1046135963 0.05850110995 0.03168072559 0.0170493086 0.009276485379 0.005038145197 0.002628744419 0.001246803179 0.00041941695 0.0001559394688 4.994880388e-05 1.37507485e-05 0 0 0 0 0 0 0 0 0 0 0 0 0 0 0 0 0 0 0 0 0 0
0 0 0 0 0 0 0 0 0 0 0 0 0 0 0 0 0 0 0 0 0 0 0 0 0 0.0001052026504 0.0004568144265 0.001734050447 0.005821208434 0.01749031965 0.04716204496 0.1138777785 0.2445404321 0.4644812928 0.7811391923 1.174489183 1.605137111 2.02326194 2.357768785 2.51856176 2.450314148 2.189810439 1.852426114 1.551847739 1.339051295 1.231146001 1.267204349 1.480216313 1.836477026 2.253250365 2.644402293 2.939182632 3.081011741 3.029458878 2.782976602 2.404035897 2.002185632 1.665984164 1.411601257 1.212954074 1.057847956 0.9566277795 0.9193076079 0.9419150248 1.015163139 1.12114544 1.224160325 1.29134487 1.318265295 1.323814076 1.32001335 1.292190197 1.215976136 1.089822193 0.9419867415 0.8043094555 0.6870737451 0.5904087635 0.5262534478 0.5095640112 0.535873187 0.5769400412 0.592909684 0.5543165923 0.4609414793 0.339781143 0.2247745722 0.1367466037 0.07843602803 0.04283429332 0.02228326097 0.01117456257 0.005475829123 0.002615476582 0.00116120862 0.0004610439056 6.464693804e-05 2.053399275e-05 0 0 0 0 0 0 0 0 0 0 0 0 0 0 0 0 0 0 0 0 0 0 0
0 0 0 0 0 0 0 0 0 0 0 0 0 0 0 0 0 0 0 0 0 0 0 0 0 8.803980982e-05 0.0003894150856 0.001523485763 0.00533800724 0.01686573628 0.04778572563 0.1201988546 0.2655535436 0.5119821807 0.8612511185 1.273310993 1.67956191 2.014928433 2.228138979 2.270761318 2.117930227 1.815593346 1.479418726 1.222811062 1.088599755 1.077556532 1.202450683 1.461486053 1.813014254 2.192703625 2.534518326 2.782939862 2.893898537 2.836288208 2.611598128 2.276811106 1.926724095 1.630497189 1.39641524 1.206951343 1.053875738 0.9357057986 0.8500762203 0.7970931688 0.7862904128 0.8214031421 0.8827721644 0.9521218162 1.036019174 1.144294661 1.255386297 1.320281363 1.300589149 1.199048252 1.054569377 0.9085797216 0.7815421788 0.6871190401 0.6461618476 0.6650393777 0.7201352652 0.7705891494 0.773596628 0.7051050493 0.576176397 0.4248638137 0.2891050547 0.1860224252 0.1135495909 0.06451997295 0.03359428931 0.0161345489 0.007339595632 0.003220539209 0.001344060757 0.0005132969109 0.0001739571738 0 0 0 0 0 0 0 0 0 0 0 0 0 0 0 0 0 0 0 0 0 0 0 0
0 0 0 0 0 0 0 0 0 0 0 0 0 0 0 0 0 0 0 0 0 0 0 0 0 6.417892525e-05 0.0002947868194 0.001207521707 0.004469359439 0.01487392058 0.04401640825 0.1141354713 0.2570056839 0.5001935194 0.8414076265 1.229712731 1.579767478 1.816822383 1.908046508 1.8506594 1.656733763 1.372418805 1.08779488 0.8962356332 0.8402323536 0.916537895 1.109566731 1.393407212 1.729674284 2.066165253 2.345474294 2.523976223 2.578481449 2.499337368 2.295437137 2.012892192 1.72476202 1.482243307 1.291868554 1.143594794 1.0270001 0.9272536579 0.8318099399 0.7422225636 0.6801092365 0.6677751747 0.701192306 0.7730858529 0.8965882081 1.072812267 1.260053867 1.392065324 1.419909796 1.342030398 1.199085256 1.03957993 0.8984816242 0.8098024612 0.8034171933 0.8678439026 0.953536597 1.005072651 0.9798015929 0.867253525 0.6971034912 0.5185941349 0.3668268222 0.2487802422 0.1581764602 0.09144088687 0.04729444736 0.02197209981 0.009378731351 0.003789352581 0.001466805604 0.0005322895586 0.0001749038339 5.057866805e-05 0 0 0 0 0 0 0 0 0 0 0 0 0 0 0 0 0 0 0 0 0 0 0
0 0 0 0 0 0 0 0 0 0 0 0 0 0 0 0 0 0 0 0 0 0 0 0 0 4.178719236e-05 0.0002002379149 0.0008708008513 0.003412323329 0.01187501131 0.03624328088 0.09587957809 0.2185651281 0.4281798399 0.7211825065 1.048239997 1.325887153 1.481198243 1.49212947 1.383589611 1.194882488 0.9698560402 0.7666266242 0.6476548466 0.6499567564 0.7708398116 0.9843769636 1.262307623 1.571704114 1.861228416 2.071591374 2.166952399 2.148709665 2.036765588 1.852117641 1.626489359 1.406103918 1.225226924 1.092287012 1.003188955 0.9421582531 0.8825368592 0.8055146306 0.7151406931 0.6393471829 0.6070683683 0.6231758715 0.6904905286 0.8276684526 1.033953104 1.264225152 1.446536921 1.520387193 1.471689822 1.335450298 1.164947056 1.010917279 0.9296401814 0.959873025 1.071884276 1.190478612 1.243339888 1.187459013 1.029867183 0.8223139954 0.6223497042 0.4554791496 0.3179007411 0.204370891 0.117682515 0.05996207473 0.02708355255 0.01100367878 0.00412586066 0.00146615389 0.0004943546922 0.0001544800097 4.342330889e-05 0 0 0 0 0 0 0 0 0 0 0 0 0 0 0 0 0 0 0 0 0 0 0
0 0 0 0 0 0 0 0 0 0 0 0 0 0 0 0 0 0 0 0 0 0 0 0 0 2.44280924e-05 0.0001243707429 0.0005737006678 0.002353330494 0.008458278689 0.02635379141 0.07067918338 0.1626696976 0.3209827945 0.5434640813 0.7919204898 0.9993118545 1.104537255 1.089522045 0.9837694037 0.8352411872 0.6856243492 0.5695215519 0.5152888816 0.5401987305 0.6503663397 0.8388047723 1.087607493 1.362077371 1.602566459 1.745908414 1.764825039 1.682337996 1.5440257 1.381391264 1.211147275 1.053551691 0.9299665639 0.8531700759 0.8228658482 0.8165586623 0.8002964497 0.7569366804 0.6979820606 0.6505778287 0.6296658381 0.6356323092 0.6843934202 0.8045920407 0.9990797839 1.230611719 1.432790693 1.538908578 1.521291822 1.403832874 1.237597772 1.081622573 1.007710824 1.064789018 1.215202276 1.365232072 1.427119433 1.357097788 1.177108819 0.9542333116 0.7442610266 0.5596055312 0.3939199151 0.2513038494 0.1424951312 0.07127352539 0.03145527802 0.01233300844 0.004354781004 0.001416694824 0.0004300365726 0.0001242059485 3.246503192e-05 7.907527703e-06 0 0 0 0 0 0 0 0 0 0 0 0 0 0 0 0 0 0 0 0 0 0
0 0 0 0 0 0 0 0 0 0 0 0 0 0 0 0 0 0 0 0 0 0 0 0 0 1.265471119e-05 7.034362366e-05 0.0003423717469 0.001450821833 0.005335209487 0.01688235154 0.04587736811 0.1068796901 0.2136122038 0.3667833388 0.5426176997 0.6952926453 0.7789618556 0.7761529193 0.7080414622 0.6175527751 0.5429933407 0.5031166449 0.4964874909 0.5192272455 0.5863722537 0.7215843863 0.9252678524 1.156980773 1.34601081 1.429214937 1.390668908 1.26905267 1.123080364 0.9866231501 0.8628121501 0.75351989 0.6738679375 0.6415284382 0.6564989905 0.6912067675 0.7142595272 0.7195358562 0.7230915001 0.7327729451 0.7363852841 0.7331995353 0.7563868564 0.8398928955 0.9825318408 1.160476382 1.331275582 1.437973743 1.444281294 1.358157493 1.217937113 1.077899507 1.012981191 1.08184634 1.25277206 1.425726747 1.505237765 1.449671459 1.289493335 1.090776194 0.8915911535 0.6913551106 0.491959447 0.3138285168 0.1776121185 0.08887777084 0.03928643418 0.01532790989 0.005278337147 0.001611763356 0.0004367749057 0.0001047181696 2.181969553e-05 5.000240338e-06 0 0 0 0 0 0 0 0 0 0 0 0 0 0 0 0 0 0 0 0 0 0
0 0 0 0 0 0 0 0 0 0 0 0 0 0 0 0 0 0 0 0 0 0 0 0 0 3.722379062e-06 3.584601472e-05 0.0001837656542 0.0008006907194 0.003001912027 0.009669280018 0.02675787721 0.06369242563 0.1304297269 0.2303216034 0.3517543105 0.4671318764 0.5453485381 0.5725339428 0.5631886316 0.5471885103 0.5437161729 0.5525154346 0.5648344021 0.5775480083 0.6065395325 0.6856787857 0.8330915524 1.012764678 1.149599305 1.182895074 1.10700314 0.9698302355 0.8315878518 0.7196462802 0.6267547027 0.547288533 0.4959760173 0.4919249248 0.532623426 0.5953334788 0.664823152 0.7430448238 0.8250877793 0.8829185638 0.8917755758 0.868397642 0.8685371488 0.9230530143 1.00632805 1.093011793 1.177147642 1.239233387 1.249475458 1.19815921 1.100834355 0.9942352471 0.9431178401 1.010863927 1.181625671 1.363180751 1.464183136 1.450520097 1.353856808 1.220431707 1.058031835 0.8556633407 0.6277612686 0.4119838356 0.2405722754 0.1245838202 0.05695100357 0.0228347125 0.007981458197 0.002418658327 0.0006319365183 0.0001403369699 2.744664177e-05 1.561799261e-06 0 0 0 0 0 0 0 0 0 0 0 0 0 0 0 0 0 0 0 0 0 0
0 0 0 0 0 0 0 0 0 0 0 0 0 0 0 0 0 0 0 0 0 0 0 0 0 0 1.606941146e-05 9.125259354e-05 0.0004074028967 0.00155918916 0.00514429103 0.01464099166 0.03595237448 0.07632332841 0.1401960838 0.2239618297 0.31481219 0.3993593016 0.476644891 0.5551085606 0.6308517498 0.684481919 0.7046032492 0.6994919707 0.6872742871 0.6876079549 0.7246142666 0.8172427693 0.9428026999 1.034167158 1.034282143 0.942357663 0.8080687489 0.6842563854 0.5864480418 0.5034706025 0.4340413732 0.3958150342 0.4032967203 0.4532571613 0.5427235692 0.6763176834 0.8405835749 0.9881646559 1.063679549 1.04779686 0.9849873988 0.9597685135 1.002498259 1.054422649 1.064129712 1.041066401 1.017332748 0.9994355058 0.9711144174 0.9200947961 0.8561604321 0.8234748157 0.8817422133 1.034050988 1.2079893 1.327903428 1.371660058 1.364383282 1.320245121 1.215374625 1.031309134 0.7905606887 0.5422870423 0.3308585802 0.1783429997 0.0842679294 0.03463399105 0.01230268928 0.003758863481 0.0009813853767 0.0002180919135 4.170220487e-05 2.285061183e-06 0 0 0 0 0 0 0 0 0 0 0 0 0 0 0 0 0 0 0 0 0 0
0 0 0 0 0 0 0 0 0 0 0 0 0 0 0 0 0 0 0 0 0 0 0 0 0 0 6.640329472e-06 4.821061174e-05 0.000212083037 0.0008153916431 0.00272332358 0.007918621653 0.01998036688 0.04383145173 0.08413024978 0.1434796732 0.2248336126 0.3366079806 0.486894273 0.6619603221 0.8196712915 0.9146007709 0.9310992699 0.8921354802 0.8374302712 0.7972022132 0.7899116184 0.8300417065 0.9062181674 0.9655349272 0.957721123 0.882107322 0.7782076446 0.6771976322 0.5796574177 0.4821119363 0.4006071362 0.360052036 0.3665902952 0.4175904312 0.5345415025 0.7305996036 0.9633546973 1.151584913 1.224686219 1.169735683 1.053853419 0.9912343261 1.024916017 1.073183143 1.052625427 0.9585242491 0.8460367636 0.7713480548 0.7413669344 0.7245318536 0.699795634 0.685038124 0.7287134335 0.8500150046 1.003075782 1.134691057 1.234400275 1.314045307 1.356128948 1.315472249 1.168076757 0.9351974802 0.6686368334 0.423095979 0.2348022331 0.1133452413 0.04727633215 0.01695460326 0.005204961044 0.001369485339 0.0003056319274 5.871662089e-05 9.61240794e-06 0 0 0 0 0 0 0 0 0 0 0 0 0 0 0 0 0 0 0 0 0 0
0 0 0 0 0 0 0 0 0 0 0 0 0 0 0 0 0 0 0 0 0 0 0 0 0 0 0 3.125431804e-05 0.0001344443647 0.0004887042875 0.001564963159 0.004458537046 0.01121476582 0.02522989532 0.05182592236 0.1007899529 0.1893759022 0.3374666224 0.5489414455 0.7937795738 1.012095792 1.14546546 1.17299262 1.118941595 1.026406858 0.930640091 0.8585195042 0.8344014326 0.8605832396 0.9009439724 0.9169907164 0.9035833837 0.8689406006 0.8033106981 0.6945656299 0.5587004333 0.4396642875 0.3788339257 0.3762613966 0.4211225995 0.5475202036 0.7735711516 1.040069558 1.248450709 1.318674383 1.236635078 1.074636795 0.9626142316 0.970526125 1.019047625 1.002052276 0.8918153094 0.7342969607 0.605979375 0.5521210436 0.548041718 0.548705181 0.5464362898 0.5748883401 0.6628021427 0.7898930225 0.9243791753 1.061346881 1.197406112 1.29717209 1.310021655 1.208039164 1.00297319 0.7406903326 0.4810692637 0.2721548496 0.1331225863 0.05601307039 0.02019782527 0.00623022083 0.001641761859 0.0003677984293 7.065407072e-05 1.156585385e-05 0 0 0 0 0 0 0 0 0 0 0 0 0 0 0 0 0 0 0 0 0 0
0 0 0 0 0 0 0 0 0 0 0 0 0 0 0 0 0 0 0 0 0 0 0 0 0 0 0 0 9.935604913e-05 0.0003396321718 0.001013005551 0.002781924918 0.006904062176 0.01634067138 0.03802563216 0.08625123395 0.1829693497 0.3493733631 0.5878724981 0.8665540938 1.123666538 1.298548303 1.364790979 1.333018948 1.2282527 1.07993551 0.930724435 0.830283594 0.8037258775 0.8379029482 0.9112082097 1.001911256 1.064154758 1.042501286 0.9180619192 0.7278106705 0.5456715198 0.440007383 0.4169632818 0.4456373514 0.5517266854 0.7654759761 1.03149793 1.24701163 1.326416611 1.24664751 1.065911018 0.9048127342 0.8600728852 0.8890836862 0.8817435522 0.7889887023 0.6360384836 0.489194018 0.4103591771 0.4006944123 0.4111538561 0.4174234035 0.4408110881 0.5110074099 0.6208647552 0.748838672 0.8885938561 1.030569955 1.142593716 1.182482228 1.120567708 0.9558152916 0.7223791059 0.4775227687 0.2735179654 0.1349006508 0.05706034177 0.02065099499 0.006383375179 0.001683859666 0.0003780360751 7.261577017e-05 1.188622513e-05 0 0 0 0 0 0 0 0 0 0 0 0 0 0 0 0 0 0 0 0 0 0
0 0 0 0 0 0 0 0 0 0 0 0 0 0 0 0 0 0 0 0 0 0 0 0 0 0 0 0 7.12174687e-05 0.0002366304654 0.0006779099287 0.002038931645 0.005455834606 0.01432160418 0.03619029459 0.08503569378 0.1809898373 0.3435091642 0.5767459156 0.8559925967 1.130638925 1.347416755 1.472243132 1.489240106 1.394190897 1.20830522 0.991578459 0.8216436675 0.7506315618 0.7934710245 0.9436240412 1.149458683 1.3120945 1.340812804 1.207848562 0.9622442406 0.7023069041 0.5266581053 0.4653383682 0.4703971528 0.538531656 0.7107523558 0.9538418686 1.171145879 1.273449269 1.223473315 1.054363304 0.8590801039 0.7417854528 0.7192254271 0.7071279157 0.6403140539 0.5199001676 0.3897145323 0.3032752626 0.281701115 0.2932215128 0.3142522862 0.3627615791 0.4560604152 0.5732104888 0.6849970746 0.7830272392 0.8707615878 0.9407586184 0.9690346093 0.9271002907 0.802397711 0.6147794661 0.4107085787 0.2369874154 0.1174544246 0.04983702409 0.01806826907 0.005592615048 0.001476731977 0.0003317082879 6.371431439e-05 1.042871216e-05 0 0 0 0 0 0 0 0 0 0 0 0 0 0 0 0 0 0 0 0 0 0
0 0 0 0 0 0 0 0 0 0 0 0 0 0 0 0 0 0 0 0 0 0 0 0 0 0 0 0 0 0 0.0005771484823 0.001853115132 0.005674814086 0.01589950073 0.040027505 0.09001865139 0.1813483409 0.3286554606 0.5372624708 0.794201151 1.067513925 1.315344264 1.493291712 1.556479839 1.475630071 1.267927028 1.007287951 0.7920009622 0.6961780033 0.7582630706 0.9774571916 1.276481152 1.525485378 1.60898092 1.484077544 1.200184279 0.8709826676 0.620225909 0.5093889114 0.4900603709 0.5228686339 0.6467439452 0.8594444643 1.077483604 1.207767078 1.19755849 1.055424441 0.8462228 0.6619542661 0.5636655986 0.5229870296 0.4736846242 0.3916943865 0.2953542656 0.2198641221 0.1920603027 0.2081376354 0.264188807 0.3738856952 0.5244683745 0.6709856952 0.7693631592 0.805713368 0.7999190549 0.7798018455 0.7516149672 0.6970049162 0.5971929411 0.4570806581 0.3058960345 0.1768738995 0.08780127092 0.03729478004 0.01352837521 0.004189039437 0.001106293059 0.0002488244245 4.770604052e-05 7.808167487e-06 0 0 0 0 0 0 0 0 0 0 0 0 0 0 0 0 0 0 0 0 0 0
0 0 0 0 0 0 0 0 0 0 0 0 0 0 0 0 0 0 0 0 0 0 0 0 0 0 0 0 0 0 0 0.0019320765 0.006274870176 0.01795970996 0.04445522746 0.09621301333 0.1840352535 0.3159542509 0.4951408557 0.718123802 0.9709849676 1.223289323 1.423680851 1.509217924 1.437843272 1.225459116 0.9512852516 0.7211348354 0.6206515131 0.7007516747 0.958812426 1.30914726 1.614822585 1.747261187 1.64767823 1.3571576 0.9943192224 0.6983694268 0.5535433345 0.5185273402 0.527507204 0.6090215663 0.7899352137 1.003898352 1.153777237 1.174528947 1.057918926 0.8504577139 0.6287323802 0.4631422993 0.3752382125 0.3254318294 0.2724061087 0.2103618818 0.156876434 0.1365658734 0.1697004629 0.2699164778 0.4368226132 0.6391640131 0.8182467711 0.9164886203 0.9127467627 0.8324511649 0.7220612851 0.613955204 0.5135844478 0.4115935515 0.3037455904 0.1996432496 0.1144398595 0.05656821497 0.02397351 0.008686048947 0.00268543257 0.0007080455754 0.0001593983407 3.047242801e-05 0 0 0 0 0 0 0 0 0 0 0 0 0 0 0 0 0 0 0 0 0 0 0
0 0 0 0 0 0 0 0 0 0 0 0 0 0 0 0 0 0 0 0 0 0 0 0 0 0 0 0 0 0 0 0.001916533137 0.006366019815 0.01828091009 0.04493612001 0.09554998472 0.1777333268 0.2941030447 0.4435609124 0.6258868905 0.8390182085 1.063573433 1.250535035 1.334271443 1.271087833 1.075174576 0.8204029265 0.6058185497 0.5160805474 0.6027853513 0.8598506239 1.209929921 1.528428205 1.689202371 1.624952532 1.365444433 1.023558158 0.7401873046 0.6018489454 0.565344892 0.5569342632 0.6000221537 0.7442948833 0.9425762936 1.095855104 1.132260402 1.035074446 0.8404544077 0.6134057258 0.4167625347 0.2870855533 0.2192243699 0.1785351021 0.1432822334 0.1175982439 0.1182818185 0.1677728501 0.2886102081 0.4811771539 0.7096981835 0.9082263729 1.011910827 0.9958503571 0.8858203708 0.7303861314 0.567856352 0.4190908216 0.2941356444 0.1950322916 0.1195846095 0.06590641975 0.03189758037 0.01336373079 0.004809409462 0.001478939104 0.0003892967678 8.747852975e-05 1.660085894e-05 0 0 0 0 0 0 0 0 0 0 0 0 0 0 0 0 0 0 0 0 0 0 0
0 0 0 0 0 0 0 0 0 0 0 0 0 0 0 0 0 0 0 0 0 0 0 0 0 0 0 0 0 0 0 0.001698193676 0.005640939113 0.01616810311 0.03958682556 0.08360669219 0.1535464774 0.2489372666 0.3654403878 0.502257365 0.6627260284 0.8372642008 0.9869132106 1.055141139 1.003921971 0.8442880569 0.6365294869 0.4621486316 0.3934462721 0.4728121368 0.692816649 0.99509151 1.280470816 1.440794213 1.412744571 1.216931494 0.9512294289 0.7387359994 0.641511309 0.6098369199 0.5840535345 0.5910392125 0.6938824207 0.8638363463 1.005236466 1.0458575 0.9664662965 0.7957395928 0.58740272 0.3934803185 0.2475123942 0.1595201713 0.1173772089 0.1019405829 0.1053995577 0.1255122259 0.1743532671 0.2848109724 0.4678715369 0.6899363902 0.8869139392 0.9963169948 0.9921967883 0.8929173012 0.7367559844 0.5581860914 0.3854282866 0.2417191533 0.138788657 0.07391965611 0.03657493854 0.01652721226 0.006655344441 0.002341893604 0.000706096654 0.0001850556891 4.139976391e-05 0 0 0 0 0 0 0 0 0 0 0 0 0 0 0 0 0 0 0 0 0 0 0 0
0 0 0 0 0 0 0 0 0 0 0 0 0 0 0 0 0 0 0 0 0 0 0 0 0 0 0 0 0 0 0 0.001284964443 0.00427263607 0.01224430453 0.02995933186 0.06310435068 0.1151737563 0.1845258039 0.2658803552 0.357464722 0.4638771334 0.5824385354 0.6868523264 0.7353538789 0.6992513315 0.5859603705 0.4386962402 0.3166689181 0.2731915032 0.3359434427 0.4988185012 0.7253385656 0.9466546402 1.082916839 1.085861253 0.9715706379 0.8149695434 0.6992150062 0.646711472 0.614863629 0.5721521574 0.5507876958 0.6149205701 0.7491520272 0.8684265601 0.9075984757 0.8486712351 0.7123914665 0.5384574497 0.366822028 0.2264569225 0.1317213303 0.08623552712 0.08550880272 0.1084685458 0.1365368988 0.1734978499 0.2525601424 0.3975527994 0.5852462956 0.76316532 0.8796293186 0.9075743015 0.8479982455 0.7184296383 0.5466561571 0.3689366692 0.2191384512 0.1146521479 0.05343404782 0.02262497535 0.008859519 0.003210045004 0.001056301372 0.000298985701 7.74390905e-05 0 0 0 0 0 0 0 0 0 0 0 0 0 0 0 0 0 0 0 0 0 0 0 0 0
0 0 0 0 0 0 0 0 0 0 0 0 0 0 0 0 0 0 0 0 0 0 0 0 0 0 0 0 0 0 0 0 0.002762176027 0.0078721048 0.01938465346 0.04079207678 0.07419767007 0.1179666243 0.1676809737 0.2214149126 0.2830364236 0.3532898942 0.4169298303 0.4472607453 0.4254973352 0.3560294836 0.2661488221 0.1939298343 0.1733168903 0.2182050151 0.3249664267 0.4747560183 0.6259244944 0.7284971469 0.7540358965 0.7167678895 0.6621092492 0.6238176969 0.5967450749 0.5586251133 0.5042869465 0.4676319936 0.5030753627 0.6014165555 0.6943308613 0.730141722 0.6940569232 0.5976225963 0.4650622481 0.3246143329 0.2018673256 0.1137111925 0.07118792059 0.07863253374 0.1081267981 0.1364408833 0.1604314832 0.2035833111 0.2981142601 0.4385311722 0.5898654888 0.7138149482 0.7793840635 0.766029061 0.6706678898 0.5163106183 0.3459579175 0.2006123385 0.1005344936 0.04368589765 0.01661517397 0.005627214228 0.001735673969 0.0004958609607 0.000116179837 0 0 0 0 0 0 0 0 0 0 0 0 0 0 0 0 0 0 0 0 0 0 0 0 0 0
0 0 0 0 0 0 0 0 0 0 0 0 0 0 0 0 0 0 0 0 0 0 0 0 0 0 0 0 0 0 0 0 0.001523470002 0.004347935763 0.01070893976 0.02253236472 0.0409028963 0.0646852316 0.09099858592 0.1184036251 0.1494156739 0.1856269956 0.219396269 0.235975333 0.2248104583 0.1882747761 0.14162895 0.1066673192 0.1025145924 0.1350938255 0.2027684971 0.2960588179 0.3917038687 0.4629825767 0.4982479218 0.5091559873 0.5136894161 0.512160332 0.4923576114 0.4492161674 0.3928410926 0.3541203492 0.3723732868 0.4397411314 0.5072042988 0.5390902996 0.5239432326 0.4645737739 0.3720461067 0.2652840296 0.1665636797 0.0932623629 0.0584174495 0.06830076624 0.09609237063 0.1205474081 0.1349914627 0.1516804106 0.2017650691 0.2976048183 0.4213543116 0.5442133284 0.6309846264 0.6478423591 0.581439865 0.4517871003 0.302123434 0.1733466005 0.08525184473 0.03596218682 0.01304906265 0.004098349658 0.00112726491 0.0002770719282 0 0 0 0 0 0 0 0 0 0 0 0 0 0 0 0 0 0 0 0 0 0 0 0 0 0 0
0 0 0 0 0 0 0 0 0 0 0 0 0 0 0 0 0 0 0 0 0 0 0 0 0 0 0 0 0 0 0 0 0 0.00204887967 0.005015587367 0.01062710077 0.01926958877 0.03035776881 0.04236866188 0.05447366556 0.06800681846 0.08419934476 0.09973207504 0.1076087103 0.1027892883 0.0865476176 0.0664813505 0.0539691759 0.05939794198 0.08647780332 0.1345100139 0.196562193 0.257957633 0.304339464 0.3330663953 0.3538104788 0.3716662269 0.3766644148 0.3578065736 0.3169643551 0.2684177401 0.2365826818 0.2459759352 0.2890888416 0.3349012777 0.3619368026 0.3613202695 0.3298903471 0.2706027266 0.1958923509 0.1237664794 0.06917822075 0.0436917023 0.05255990646 0.07443977469 0.09294129526 0.1013376555 0.1046623569 0.1264318546 0.1879448207 0.2826998335 0.3877452423 0.4698325586 0.495602065 0.4510916914 0.3524037752 0.2356211424 0.1346448108 0.06572299691 0.02740748401 0.009771689448 0.002983452176 0.0007833168242 0.000170104356 0 0 0 0 0 0 0 0 0 0 0 0 0 0 0 0 0 0 0 0 0 0 0 0 0 0 0
0 0 0 0 0 0 0 0 0 0 0 0 0 0 0 0 0 0 0 0 0 0 0 0 0 0 0 0 0 0 0 0 0 0 0.002019117746 0.004243429538 0.007753415674 0.01218260464 0.01689954928 0.0215220425 0.02663721672 0.03290381721 0.03907986398 0.04232358427 0.0406784698 0.03480183395 0.02818796441 0.02645239289 0.03564364747 0.05905890756 0.09628165514 0.141336074 0.1830244886 0.2112868062 0.2255434042 0.2346880374 0.2433629069 0.2436437655 0.2269114348 0.1952665179 0.1603562147 0.1387688145 0.1437763639 0.1692489772 0.1981325087 0.2189719278 0.2249537766 0.2107670669 0.1760030905 0.1286296787 0.0814985095 0.04545860829 0.02886118012 0.03523495991 0.0499965013 0.06221897954 0.06691444506 0.065837165 0.07399963063 0.1111711645 0.175778502 0.2508946352 0.3116463756 0.3333281708 0.3055305193 0.2394081567 0.1601686311 0.09143738366 0.0445318944 0.01850205504 0.006552949905 0.001980866381 0.0005110129314 0.0001125141379 0 0 0 0 0 0 0 0 0 0 0 0 0 0 0 0 0 0 0 0 0 0 0 0 0 0 0
0 0 0 0 0 0 0 0 0 0 0 0 0 0 0 0 0 0 0 0 0 0 0 0 0 0 0 0 0 0 0 0 0 0 0 0.001459057564 0.002637227876 0.004177820593 0.005769332145 0.007293365992 0.008966578322 0.01106377699 0.01318800593 0.01437761437 0.01401838844 0.01249495478 0.01134995576 0.01322651026 0.02182248381 0.0396994672 0.06665288698 0.09819536034 0.1260047796 0.1422664306 0.1458702896 0.1436230503 0.1417352935 0.1374123006 0.1249006022 0.1046503349 0.0836267927 0.07135137321 0.07406038287 0.08773822911 0.104363471 0.1183898344 0.1250062993 0.1195735322 0.10107798 0.07427383249 0.04709439252 0.02620957595 0.01667729983 0.02049832479 0.02908014984 0.036091542 0.03853491802 0.03697699352 0.03981204528 0.06029941537 0.0983094752 0.1433421708 0.1802593952 0.1941205895 0.1786040893 0.1402448761 0.09394076187 0.05366485814 0.02614358285 0.01086125582 0.003848070488 0.001162907103 0.0002997846702 6.593345871e-05 0 0 0 0 0 0 0 0 0 0 0 0 0 0 0 0 0 0 0 0 0 0 0 0 0 0 0
0 0 0 0 0 0 0 0 0 0 0 0 0 0 0 0 0 0 0 0 0 0 0 0 0 0 0 0 0 0 0 0 0 0 0 0 0.0007741524728 0.001209077398 0.001657126172 0.002118017401 0.002591563648 0.003199100856 0.003837232659 0.00424532147 0.004288234212 0.004196297994 0.004572535312 0.006664181321 0.01264998714 0.02415979575 0.04110584116 0.06069385958 0.07749315873 0.08620079604 0.08545748462 0.07928036751 0.07306496444 0.06744976341 0.0595054073 0.04865988702 0.03801889116 0.03216458609 0.03359223203 0.04019573577 0.04876149917 0.05680245892 0.06139985105 0.05963289473 0.05079900425 0.03742942744 0.02372231347 0.01316914236 0.008377246802 0.01032046814 0.01463157702 0.01812026019 0.01926191862 0.01825063866 0.01919248579 0.02915348943 0.04828889162 0.07115363804 0.09004033871 0.09734920131 0.08981812618 0.0706881812 0.04744716597 0.02716025292 0.01325881996 0.005521101271 0.001961005264 0.0005941852099 0.0001536049658 0 0 0 0 0 0 0 0 0 0 0 0 0 0 0 0 0 0 0 0 0 0 0 0 0 0 0 0
0 0 0 0 0 0 0 0 0 0 0 0 0 0 0 0 0 0 0 0 0 0 0 0 0 0 0 0 0 0 0 0 0 0 0 0 0 0.0003028297919 0.0004143063007 0.0005162102077 0.0006255689878 0.0007961360951 0.0009684326513 0.001111474047 0.001222764264 0.001349538893 0.001764211308 0.003103299364 0.006552688355 0.01276428025 0.0219342325 0.03242138511 0.04127676178 0.04550189316 0.04408094396 0.0389298938 0.03336590621 0.02889411914 0.02453006338 0.01957225246 0.01502850319 0.01272067489 0.01342651138 0.01629878805 0.02017194797 0.02405243825 0.02645815047 0.0259517524 0.02220212694 0.01637463261 0.01035286291 0.005741123746 0.003641504986 0.004493034569 0.00635164338 0.007861380128 0.008334158196 0.007840199568 0.008124162159 0.01232979237 0.02057576366 0.0304974001 0.03875946491 0.04205204625 0.03892179812 0.03072993221 0.02069630803 0.01189027689 0.005828366089 0.002437623068 0.0008699793522 0.0002647127156 6.880584366e-05 0 0 0 0 0 0 0 0 0 0 0 0 0 0 0 0 0 0 0 0 0 0 0 0 0 0 0 0
0 0 0 0 0 0 0 0 0 0 0 0 0 0 0 0 0 0 0 0 0 0 0 0 0 0 0 0 0 0 0 0 0 0 0 0 0 0 0 0 0.0001335293856 0.0001657913603 0.0002064807907 0.0002537813344 0.0003149969469 0.0003895814873 0 0.001104094287 0.002858813138 0.005750545064 0.0100364021 0.01483673026 0.01885774272 0.02067648956 0.01973890927 0.01682211357 0.01350345891 0.01085839234 0.008758030278 0.006801518956 0.005161562409 0.00441583335 0.004761685632 0.005851618624 0.007366728228 0.008945699381 0.009945549754 0.009803829638 0.008400715556 0.006194142589 0.003906513509 0.002161193612 0.001369896998 0.001687454255 0.002382197981 0.002943979264 0.003113302619 0.002911169945 0.002989169411 0.004524395144 0.00758632982 0.0112964848 0.01442006961 0.01571253939 0.01460648422 0.0115892035 0.007846645404 0.004534186593 0.002236369624 0.0009416287091 0.0003384965991 0.0001038990835 0 0 0 0 0 0 0 0 0 0 0 0 0 0 0 0 0 0 0 0 0 0 0 0 0 0 0 0 0
0 0 0 0 0 0 0 0 0 0 0 0 0 0 0 0 0 0 0 0 0 0 0 0 0 0 0 0 0 0 0 0 0 0 0 0 0 0 0 0 0 0 0 0 0 0 0 0 0.0009899468091 0.001936499561 0.003895014648 0.005767186886 0.007332315099 0.008021870952 0.007595570744 0.006324926361 0.004820408483 0.003595487995 0.002725226331 0.002046036925 0.001543473683 0.001337489809 0.001481387753 0.001859592949 0.002383835744 0.002911521499 0.003246670306 0.003202200132 0.002740703561 0.002018382081 0.001269643776 0.0006846048214 0.000442956043 0.0005315005077 0.0007693570936 0.0009496489814 0.001002734159 0.0009352331891 0.0009509668454 0.001438264073 0.002422827931 0.003632668116 0.004666854627 0.005117092895 0.004789302149 0.003826718304 0.002610562896 0.001520702143 0.0007564853298 0.0003213934064 0.0001166226846 0 0 0 0 0 0 0 0 0 0 0 0 0 0 0 0 0 0 0 0 0 0 0 0 0 0 0 0 0 0
0 0 0 0 0 0 0 0 0 0 0 0 0 0 0 0 0 0 0 0 0 0 0 0 0 0 0 0 0 0 0 0 0 0 0 0 0 0 0 0 0 0 0 0 0 0 0 0 0 0 0.001083062118 0.001539825089 0.002447815094 0.002671667036 0.002514922607 0.002062227628 0.00151348111 0.001052421141 0.0007361153187 0.0005331911948 0.0003672812224 0.000300859307 0.0003963400596 0.0005294497783 0.0006794022429 0.0008268773971 0.00091881019 0.0009024093347 0.0007704494172 0.0005661572215 0.000354630493 0.0001909002404 0 0.0001476894523 0.0002135762105 0.0002632426057 0.0002777310898 0.0002586297919 0.000262872923 0.0003966889958 0.000678607896 0.001024663564 0.00132657052 0.001466561703 0.00138460326 0.001116452389 0.0007688965738 0.0004523026578 0.0002272641125 9.753693614e-05 0 0 0 0 0 0 0 0 0 0 0 0 0 0 0 0 0 0 0 0 0 0 0 0 0 0 0 0 0 0 0
0 0 0 0 0 0 0 0 0 0 0 0 0 0 0 0 0 0 0 0 0 0 0 0 0 0 0 0 0 0 0 0 0 0 0 0 0 0 0 0 0 0 0 0 0 0 0 0 0 0 0 0 0 0 0.0004867927911 0.0003697030001 0 0 0 0 4.840448536e-05 5.971650679e-05 0.000100197765 0.0001310554335 0.0001661466138 0.0002053236897 0.0002249578468 0.0002190375117 0.000185999867 0.0001348695305 8.511141719e-05 0 0 0 5.086669015e-05 6.264591304e-05 6.582083953e-05 5.823184632e-05 6.118382231e-05 9.70956324e-05 0.0001669832167 0.0002555448349 0.0003340333821 0.0003729390711 0.0003556584639 0.0002897074117 0.0002015592202 0.000119768323 6.077679435e-05 0 0 0 0 0 0 0 0 0 0 0 0 0 0 0 0 0 0 0 0 0 0 0 0 0 0 0 0 0 0 0 0
0 0 0 0 0 0 0 0 0 0 0 0 0 0 0 0 0 0 0 0 0 0 0 0 0 0 0 0 0 0 0 0 0 0 0 0 0 0 0 0 0 0 0 0 0 0 0 0 0 0 0 0 0 0 0 0 0 0 0 0 0 0 0 2.679244859e-05 3.701640655e-05 4.33617117e-05 4.648543323e-05 4.565576075e-05 3.740382335e-05 0 0 0 0 0 0 0 1.287430766e-05 1.17452145e-05 1.094607589e-05 2.026216103e-05 3.667495719e-05 5.670019612e-05 7.48692406e-05 8.443375754e-05 8.131533996e-05 6.68710627e-05 4.695316422e-05 2.814542244e-05 0 0 0 0 0 0 0 0 0 0 0 0 0 0 0 0 0 0 0 0 0 0 0 0 0 0 0 0 0 0 0 0 0
0 0 0 0 0 0 0 0 0 0 0 0 0 0 0 0 0 0 0 0 0 0 0 0 0 0 0 0 0 0 0 0 0 0 0 0 0 0 0 0 0 0 0 0 0 0 0 0 0 0 0 0 0 0 0 0 0 0 0 0 0 0 0 0 7.005281143e-06 8.12757385e-06 8.554101869e-06 0 0 0 0 0 0 0 0 0 0 0 1.45071385e-06 3.182206954e-06 5.948237556e-06 1.118723664e-05 1.490652329e-05 1.695571973e-05 1.646272843e-05 0 0 0 0 0 0 0 0 0 0 0 0 0 0 0 0 0 0 0 0 0 0 0 0 0 0 0 0 0 0 0 0 0 0 0 0
0 0 0 0 0 0 0 0 0 0 0 0 0 0 0 0 0 0 0 0 0 0 0 0 0 0 0 0 0 0 0 0 0 0 0 0 0 0 0 0 0 0 0 0 0 0 0 0 0 0 0 0 0 0 0 0 0 0 0 0 0 0 0 0 0 0 0 0 0 0 0 0 0 0 0 0 0 0 0 0 0 0 0 0 0 0 0 0 0 0 0 0 0 0 0 0 0 0 0 0 0 0 0 0 0 0 0 0 0 0 0 0 0 0 0 0 0 0 0 0 0
0 0 0 0 0 0 0 0 0 0 0 0 0 0 0 0 0 0 0 0 0 0 0 0 0 0 0 0 0 0 0 0 0 0 0 0 0 0 0 0 0 0 0 0 0 0 0 0 0 0 0 0 0 0 0 0 0 0 0 0 0 0 0 0 0 0 0 0 0 0 0 0 0 0 0 0 0 0 0 0 0 0 0 0 0 0 0 0 0 0 0 0 0 0 0 0 0 0 0 0 0 0 0 0 0 0 0 0 0 0 0 0 0 0 0 0 0 0 0 0 0
0 0 0 0 0 0 0 0 0 0 0 0 0 0 0 0 0 0 0 0 0 0 0 0 0 0 0 0 0 0 0 0 0 0 0 0 0 0 0 0 0 0 0 0 0 0 0 0 0 0 0 0 0 0 0 0 0 0 0 0 0 0 0 0 0 0 0 0 0 0 0 0 0 0 0 0 0 0 0 0 0 0 0 0 0 0 0 0 0 0 0 0 0 0 0 0 0 0 0 0 0 0 0 0 0 0 0 0 0 0 0 0 0 0 0 0 0 0 0 0 0
0 0 0 0 0 0 0 0 0 0 0 0 0 0 0 0 0 0 0 0 0 0 0 0 0 0 0 0 0 0 0 0 0 0 0 0 0 0 0 0 0 0 0 0 0 0 0 0 0 0 0 0 0 0 0 0 0 0 0 0 0 0 0 0 0 0 0 0 0 0 0 0 0 0 0 0 0 0 0 0 0 0 0 0 0 0 0 0 0 0 0 0 0 0 0 0 0 0 0 0 0 0 0 0 0 0 0 0 0 0 0 0 0 0 0 0 0 0 0 0 0
0 0 0 0 0 0 0 0 0 0 0 0 0 0 0 0 0 0 0 0 0 0 0 0 0 0 0 0 0 0 0 0 0 0 0 0 0 0 0 0 0 0 0 0 0 0 0 0 0 0 0 0 0 0 0 0 0 0 0 0 0 0 0 0 0 0 0 0 0 0 0 0 0 0 0 0 0 0 0 0 0 0 0 0 0 0 0 0 0 0 0 0 0 0 0 0 0 0 0 0 0 0 0 0 0 0 0 0 0 0 0 0 0 0 0 0 0 0 0 0 0
0 0 0 0 0 0 0 0 0 0 0 0 0 0 0 0 0 0 0 0 0 0 0 0 0 0 0 0 0 0 0 0 0 0 0 0 0 0 0 0 0 0 0 0 0 0 0 0 0 0 0 0 0 0 0 0 0 0 0 0 0 0 0 0 0 0 0 0 0 0 0 0 0 0 0 0 0 0 0 0 0 0 0 0 0 0 0 0 0 0 0 0 0 0 0 0 0 0 0 0 0 0 0 0 0 0 0 0 0 0 0 0 0 0 0 0 0 0 0 0 0
0 0 0 0 0 0 0 0 0 0 0 0 0 0 0 0 0 0 0 0 0 0 0 0 0 0 0 0 0 0 0 0 0 0 0 0 0 0 0 0 0 0 0 0 0 0 0 0 0 0 0 0 0 0 0 0 0 0 0 0 0 0 0 0 0 0 0 0 0 0 0 0 0 0 0 0 0 0 0 0 0 0 0 0 0 0 0 0 0 0 0 0 0 0 0 0 0 0 0 0 0 0 0 0 0 0 0 0 0 0 0 0 0 0 0 0 0 0 0 0 0
0 0 0 0 0 0 0 0 0 0 0 0 0 0 0 0 0 0 0 0 0 0 0 0 0 0 0 0 0 0 0 0 0 0 0 0 0 0 0 0 0 0 0 0 0 0 0 0 0 0 0 0 0 0 0 0 0 0 0 0 0 0 0 0 0 0 0 0 0 0 0 0 0 0 0 0 0 0 0 0 0 0 0 0 0 0 0 0 0 0 0 0 0 0 0 0 0 0 0 0 0 0 0 0 0 0 0 0 0 0 0 0 0 0 0 0 0 0 0 0 0
0 0 0 0 0 0 0 0 0 0 0 0 0 0 0 0 0 0 0 0 0 0 0 0 0 0 0 0 0 0 0 0 0 0 0 0 0 0 0 0 0 0 0 0 0 0 0 0 0 0 0 0 0 0 0 0 0 0 0 0 0 0 0 0 0 0 0 0 0 0 0 0 0 0 0 0 0 0 0 0 0 0 0 0 0 0 0 0 0 0 0 0 0 0 0 0 0 0 0 0 0 0 0 0 0 0 0 0 0 0 0 0 0 0 0 0 0 0 0 0 0
0 0 0 0 0 0 0 0 0 0 0 0 0 0 0 0 0 0 0 0 0 0 0 0 0 0 0 0 0 0 0 0 0 0 0 0 0 0 0 0 0 0 0 0 0 0 0 0 0 0 0 0 0 0 0 0 0 0 0 0 0 0 0 0 0 0 0 0 0 0 0 0 0 0 0 0 0 0 0 0 0 0 0 0 0 0 0 0 0 0 0 0 0 0 0 0 0 0 0 0 0 0 0 0 0 0 0 0 0 0 0 0 0 0 0 0 0 0 0 0 0
0 0 0 0 0 0 0 0 0 0 0 0 0 0 0 0 0 0 0 0 0 0 0 0 0 0 0 0 0 0 0 0 0 0 0 0 0 0 0 0 0 0 0 0 0 0 0 0 0 0 0 0 0 0 0 0 0 0 0 0 0 0 0 0 0 0 0 0 0 0 0 0 0 0 0 0 0 0 0 0 0 0 0 0 0 0 0 0 0 0 0 0 0 0 0 0 0 0 0 0 0 0 0 0 0 0 0 0 0 0 0 0 0 0 0 0 0 0 0 0 0
0 0 0 0 0 0 0 0 0 0 0 0 0 0 0 0 0 0 0 0 0 0 0 0 0 0 0 0 0 0 0 0 0 0 0 0 0 0 0 0 0 0 0 0 0 0 0 0 0 0 0 0 0 0 0 0 0 0 0 0 0 0 0 0 0 0 0 0 0 0 0 0 0 0 0 0 0 0 0 0 0 0 0 0 0 0 0 0 0 0 0 0 0 0 0 0 0 0 0 0 0 0 0 0 0 0 0 0 0 0 0 0 0 0 0 0 0 0 0 0 0
0 0 0 0 0 0 0 0 0 0 0 0 0 0 0 0 0 0 0 0 0 0 0 0 0 0 0 0 0 0 0 0 0 0 0 0 0 0 0 0 0 0 0 0 0 0 0 0 0 0 0 0 0 0 0 0 0 0 0 0 0 0 0 0 0 0 0 0 0 0 0 0 0 0 0 0 0 0 0 0 0 0 0 0 0 0 0 0 0 0 0 0 0 0 0 0 0 0 0 0 0 0 0 0 0 0 0 0 0 0 0 0 0 0 0 0 0 0 0 0 0
0 0 0 0 0 0 0 0 0 0 0 0 0 0 0 0 0 0 0 0 0 0 0 0 0 0 0 0 0 0 0 0 0 0 0 0 0 0 0 0 0 0 0 0 0 0 0 0 0 0 0 0 0 0 0 0 0 0 0 0 0 0 0 0 0 0 0 0 0 0 0 0 0 0 0 0 0 0 0 0 0 0 0 0 0 0 0 0 0 0 0 0 0 0 0 0 0 0 0 0 0 0 0 0 0 0 0 0 0 0 0 0 0 0 0 0 0 0 0 0 0
0 0 0 0 0 0 0 0 0 0 0 0 0 0 0 0 0 0 0 0 0 0 0 0 0 0 0 0 0 0 0 0 0 0 0 0 0 0 0 0 0 0 0 0 0 0 0 0 0 0 0 0 0 0 0 0 0 0 0 0 0 0 0 0 0 0 0 0 0 0 0 0 0 0 0 0 0 0 0 0 0 0 0 0 0 0 0 0 0 0 0 0 0 0 0 0 0 0 0 0 0 0 0 0 0 0 0 0 0 0 0 0 0 0 0 0 0 0 0 0 0
0 0 0 0 0 0 0 0 0 0 0 0 0 0 0 0 0 0 0 0 0 0 0 0 0 0 0 0 0 0 0 0 0 0 0 0 0 0 0 0 0 0 0 0 0 0 0 0 0 0 0 0 0 0 0 0 0 0 0 0 0 0 0 0 0 0 0 0 0 0 0 0 0 0 0 0 0 0 0 0 0 0 0 0 0 0 0 0 0 0 0 0 0 0 0 0 0 0 0 0 0 0 0 0 0 0 0 0 0 0 0 0 0 0 0 0 0 0 0 0 0
0 0 0 0 0 0 0 0 0 0 0 0 0 0 0 0 0 0 0 0 0 0 0 0 0 0 0 0 0 0 0 0 0 0 0 0 0 0 0 0 0 0 0 0 0 0 0 0 0 0 0 0 0 0 0 0 0 0 0 0 0 0 0 0 0 0 0 0 0 0 0 0 0 0 0 0 0 0 0 0 0 0 0 0 0 0 0 0 0 0 0 0 0 0 0 0 0 0 0 0 0 0 0 0 0 0 0 0 0 0 0 0 0 0 0 0 0 0 0 0 0
0 0 0 0 0 0 0 0 0 0 0 0 0 0 0 0 0 0 0 0 0 0 0 0 0 0 0 0 0 0 0 0 0 0 0 0 0 0 0 0 0 0 0 0 0 0 0 0 0 0 0 0 0 0 0 0 0 0 0 0 0 0 0 0 0 0 0 0 0 0 0 0 0 0 0 0 0 0 0 0 0 0 0 0 0 0 0 0 0 0 0 0 0 0 0 0 0 0 0 0 0 0 0 0 0 0 0 0 0 0 0 0 0 0 0 0 0 0 0 0 0
0 0 0 0 0 0 0 0 0 0 0 0 0 0 0 0 0 0 0 0 0 0 0 0 0 0 0 0 0 0 0 0 0 0 0 0 0 0 0 0 0 0 0 0 0 0 0 0 0 0 0 0 0 0 0 0 0 0 0 0 0 0 0 0 0 0 0 0 0 0 0 0 0 0 0 0 0 0 0 0 0 0 0 0 0 0 0 0 0 0 0 0 0 0 0 0 0 0 0 0 0 0 0 0 0 0 0 0 0 0 0 0 0 0 0 0 0 0 0 0 0
0 0 0 0 0 0 0 0 0 0 0 0 0 0 0 0 0 0 0 0 0 0 0 0 0 0 0 0 0 0 0 0 0 0 0 0 0 0 0 0 0 0 0 0 0 0 0 0 0 0 0 0 0 0 0 0 0 0 0 0 0 0 0 0 0 0 0 0 0 0 0 0 0 0 0 0 0 0 0 0 0 0 0 0 0 0 0 0 0 0 0 0 0 0 0 0 0 0 0 0 0 0 0 0 0 0 0 0 0 0 0 0 0 0 0 0 0 0 0 0 0
0 0 0 0 0 0 0 0 0 0 0 0 0 0 0 0 0 0 0 0 0 0 0 0 0 0 0 0 0 0 0 0 0 0 0 0 0 0 0 0 0 0 0 0 0 0 0 0 0 0 0 0 0 0 0 0 0 0 0 0 0 0 0 0 0 0 0 0 0 0 0 0 0 0 0 0 0 0 0 0 0 0 0 0 0 0 0 0 0 0 0 0 0 0 0 0 0 0 0 0 0 0 0 0 0 0 0 0 0 0 0 0 0 0 0 0 0 0 0 0 0
0 0 0 0 0 0 0 0 0 0 0 0 0 0 0 0 0 0 0 0 0 0 0 0 0 0 0 0 0 0 0 0 0 0 0 0 0 0 0 0 0 0 0 0 0 0 0 0 0 0 0 0 0 0 0 0 0 0 0 0 0 0 0 0 0 0 0 0 0 0 0 0 0 0 0 0 0 0 0 0 0 0 0 0 0 0 0 0 0 0 0 0 0 0 0 0 0 0 0 0 0 0 0 0 0 0 0 0 0 0 0 0 0 0 0 0 0 0 0 0 0
0 0 0 0 0 0 0 0 0 0 0 0 0 0 0 0 0 0 0 0 0 0 0 0 0 0 0 0 0 0 0 0 0 0 0 0 0 0 0 0 0 0 0 0 0 0 0 0 0 0 0 0 0 0 0 0 0 0 0 0 0 0 0 0 0 0 0 0 0 0 0 0 0 0 0 0 0 0 0 0 0 0 0 0 0 0 0 0 0 0 0 0 0 0 0 0 0 0 0 0 0 0 0 0 0 0 0 0 0 0 0 0 0 0 0 0 0 0 0 0 0
0 0 0 0 0 0 0 0 0 0 0 0 0 0 0 0 0 0 0 0 0 0 0 0 0 0 0 0 0 0 0 0 0 0 0 0 0 0 0 0 0 0 0 0 0 0 0 0 0 0 0 0 0 0 0 0 0 0 0 0 0 0 0 0 0 0 0 0 0 0 0 0 0 0 0 0 0 0 0 0 0 0 0 0 0 0 0 0 0 0 0 0 0 0 0 0 0 0 0 0 0 0 0 0 0 0 0 0 0 0 0 0 0 0 0 0 0 0 0 0 0
0 0 0 0 0 0 0 0 0 0 0 0 0 0 0 0 0 0 0 0 0 0 0 0 0 0 0 0 0 0 0 0 0 0 0 0 0 0 0 0 0 0 0 0 0 0 0 0 0 0 0 0 0 0 0 0 0 0 0 0 0 0 0 0 0 0 0 0 0 0 0 0 0 0 0 0 0 0 0 0 0 0 0 0 0 0 0 0 0 0 0 0 0 0 0 0 0 0 0 0 0 0 0 0 0 0 0 0 0 0 0 0 0 0 0 0 0 0 0 0 0